BEGIN
Weights 	0.500203	0.00100247	0.999996
Weights 	0.500203	0.00100247	0.999996
Weights 	0.500203	0.00100247	0.999996
Weights 	0.500203	0.00100247	0.999996
Weights 	0.500203	0.00100247	0.999996
Weights 	0.500203	0.00100247	0.999996
Weights 	0.500203	0.00100247	0.999996
Weights 	0.500203	0.00100247	0.999996
Weights 	0.500152	0	0.999996
Weights 	0.500081	0	0.999996
Weights 	0.500081	0	0.999996
Weights 	0.500081	0	0.999996
Weights 	0.500081	0	0.999996
Weights 	0.500081	0	0.999996
Weights 	0.499974	0	0.999996
Weights 	0.499958	0	0.999996
Weights 	0.499958	0	0.999996
Weights 	0.499958	0	0.999996
Weights 	0.499692	0	0.999996
Weights 	0.49965	0	0.999996
Weights 	0.499638	0	0.999996
Weights 	0.499638	0	0.999996
Weights 	0.499609	0	0.999996
Weights 	0.499583	0	0.999996
Weights 	0.499567	0	0.999996
Weights 	0.499566	0	0.999996
Weights 	0.499171	0	0.999996
Weights 	0.499143	0	0.999996
Weights 	0.499143	0	0.999996
Weights 	0.49913	0	0.999996
Weights 	0.499119	0	0.999996
Weights 	0.499106	0	0.999996
Weights 	0.499064	0	0.999996
Weights 	0.499042	0	0.999996
Weights 	0.499012	0	0.999996
Weights 	0.498994	0	0.999996
Weights 	0.498983	0	0.999996
Weights 	0.498965	0	0.999996
Weights 	0.498952	0	0.999996
Weights 	0.498932	0	0.999996
Weights 	0.498847	0	0.999996
BEGIN
Weights 	0.500956	0.00100164	1
Weights 	0.500956	0.00100164	1
Weights 	0.500956	0.00100164	1
Weights 	0.500956	0.00100164	1
Weights 	0.500956	0.00100164	1
Weights 	0.500956	0.00100164	1
Weights 	0.500956	0.00100164	1
Weights 	0.500956	0.00100164	1
Weights 	0.500828	0	1
Weights 	0.500828	0	1
Weights 	0.500828	0	1
Weights 	0.500828	0	1
Weights 	0.500828	0	1
Weights 	0.500828	0	1
Weights 	0.50073	0	1
Weights 	0.500725	0	1
Weights 	0.500725	0	1
Weights 	0.500725	0	1
Weights 	0.500523	0	1
Weights 	0.500514	0	1
Weights 	0.500514	0	1
Weights 	0.500514	0	1
Weights 	0.500499	0	1
Weights 	0.500499	0	1
Weights 	0.500499	0	1
Weights 	0.500499	0	1
Weights 	0.500287	0	1
Weights 	0.500282	0	1
Weights 	0.500282	0	1
Weights 	0.500267	0	1
Weights 	0.50025	0	1
Weights 	0.50025	0	1
Weights 	0.500239	0	1
Weights 	0.500211	0	1
Weights 	0.500193	0	1
Weights 	0.500171	0	1
Weights 	0.50016	0	1
Weights 	0.50015	0	1
Weights 	0.500144	0	1
BEGIN
Weights 	0.501194	0.00100575	1
Weights 	0.501194	0.00100575	1
Weights 	0.501194	0.00100575	1
Weights 	0.501194	0.00100575	1
Weights 	0.501194	0.00100575	1
Weights 	0.501194	0.00100575	1
Weights 	0.501194	0.00100575	1
Weights 	0.501194	0.00100575	1
Weights 	0.501054	0	1
Weights 	0.501041	0	1
Weights 	0.501041	0	1
Weights 	0.501041	0	1
Weights 	0.501041	0	1
Weights 	0.501041	0	1
Weights 	0.500913	0	1
Weights 	0.500904	0	1
Weights 	0.500904	0	1
Weights 	0.500904	0	1
Weights 	0.500751	0	1
Weights 	0.500664	0	1
Weights 	0.500654	0	1
Weights 	0.500654	0	1
Weights 	0.500597	0	1
Weights 	0.500588	0	1
Weights 	0.500588	0	1
Weights 	0.500588	0	1
Weights 	0.500441	0	1
Weights 	0.50041	0	1
Weights 	0.50041	0	1
Weights 	0.500299	0	1
Weights 	0.500297	0	1
Weights 	0.500297	0	1
Weights 	0.50022	0	1
Weights 	0.500137	0	1
Weights 	0.500124	0	1
Weights 	0.499976	0	1
Weights 	0.499932	0	1
Weights 	0.499901	0	1
Weights 	0.499861	0	1
Weights 	0.499827	0	1
Weights 	0.499751	0	1
Weights 	0.499644	0	1
Weights 	0.499444	0	1
Weights 	0.499275	0	1
Weights 	0.499129	0	1
Weights 	0.498988	0	1
Weights 	0.498897	0	1
Weights 	0.498786	0	1
Weights 	0.498693	0	1
Weights 	0.498636	0	1
Weights 	0.498547	0	1
Weights 	0.498544	0	1
Weights 	0.498443	0	1
Weights 	0.498358	0	1
Weights 	0.498239	0	1
Weights 	0.498195	0	1
Weights 	0.498192	0	1
Weights 	0.498158	0	1
BEGIN
Weights 	0.500836	0.00100125	0.999999
Weights 	0.500836	0.00100125	0.999999
Weights 	0.500836	0.00100125	0.999999
Weights 	0.500836	0.00100125	0.999999
Weights 	0.500836	0.00100125	0.999999
Weights 	0.500836	0.00100125	0.999999
Weights 	0.500836	0.00100125	0.999999
Weights 	0.500836	0.00100125	0.999999
Weights 	0.500768	0	0.999999
Weights 	0.500656	0	0.999999
Weights 	0.500656	0	0.999999
Weights 	0.500656	0	0.999999
Weights 	0.500656	0	0.999999
Weights 	0.500656	0	0.999999
Weights 	0.500401	0	0.999999
Weights 	0.500355	0	0.999999
Weights 	0.500355	0	0.999999
Weights 	0.500355	0	0.999999
Weights 	0.500134	0	0.999999
Weights 	0.50006	0	0.999999
Weights 	0.500046	0	0.999999
Weights 	0.500046	0	0.999999
Weights 	0.499964	0	0.999999
Weights 	0.49995	0	0.999999
Weights 	0.49995	0	0.999999
Weights 	0.49995	0	0.999999
Weights 	0.49984	0	0.999999
Weights 	0.499813	0	0.999999
Weights 	0.499813	0	0.999999
Weights 	0.499717	0	0.999999
Weights 	0.49968	0	0.999999
Weights 	0.499668	0	0.999999
Weights 	0.499581	0	0.999999
Weights 	0.49951	0	0.999999
Weights 	0.499485	0	0.999999
Weights 	0.499409	0	0.999999
Weights 	0.499351	0	0.999999
Weights 	0.499264	0	0.999999
Weights 	0.499218	0	0.999999
Weights 	0.499177	0	0.999999
Weights 	0.499034	0	0.999999
Weights 	0.498967	0	0.999999
Weights 	0.498829	0	0.999999
Weights 	0.498704	0	0.999999
Weights 	0.498554	0	0.999999
Weights 	0.498483	0	0.999999
Weights 	0.498436	0	0.999999
Weights 	0.498362	0	0.999999
Weights 	0.498212	0	0.999999
Weights 	0.498198	0	0.999999
Weights 	0.498117	0	0.999999
Weights 	0.497984	0	0.999999
Weights 	0.497922	0	0.999999
Weights 	0.497832	0	0.999999
Weights 	0.497787	0	0.999999
Weights 	0.497761	0	0.999999
Weights 	0.497661	0	0.999999
Weights 	0.49758	0	0.999999
Weights 	0.497515	0	0.999999
Weights 	0.497419	0	0.999999
Weights 	0.497335	0	0.999999
Weights 	0.497282	0	0.999999
Weights 	0.497195	0	0.999999
Weights 	0.49716	0	0.999999
Weights 	0.497109	0	0.999999
Weights 	0.496975	0	0.999999
Weights 	0.496939	0	0.999999
Weights 	0.496939	0	0.999999
Weights 	0.496859	0	0.999999
Weights 	0.496843	0	0.999999
Weights 	0.496781	0	0.999999
Weights 	0.49673	0	0.999999
Weights 	0.494516	0	0.999999
Weights 	0.494022	0	0.999999
Weights 	0.494006	0	0.999999
Weights 	0.493973	0	0.999999
Weights 	0.493862	0	0.999999
Weights 	0.493849	0	0.999999
Weights 	0.493844	0	0.999999
Weights 	0.493783	0	0.999999
Weights 	0.493749	0	0.999999
Weights 	0.493735	0	0.999999
Weights 	0.493668	0	0.999999
Weights 	0.493646	0	0.999999
Weights 	0.493587	0	0.999999
Weights 	0.493574	0	0.999999
Weights 	0.493418	0	0.999999
Weights 	0.4934	0	0.999999
Weights 	0.493321	0	0.999999
Weights 	0.493277	0	0.999999
Weights 	0.493232	0	0.999999
Weights 	0.493206	0	0.999999
Weights 	0.493205	0	0.999999
Weights 	0.493202	0	0.999999
Weights 	0.493202	0	0.999999
Weights 	0.493202	0	0.999999
Weights 	0.493184	0	0.999999
Weights 	0.493165	0	0.999999
Weights 	0.493165	0	0.999999
Weights 	0.492713	0	0.999999
Weights 	0.49268	0	0.999999
Weights 	0.492667	0	0.999999
Weights 	0.490608	0	0.999999
Weights 	0.490318	0	0.999999
Weights 	0.488217	0	0.999999
Weights 	0.488057	0	0.999999
Weights 	0.488042	0	0.999999
Weights 	0.487983	0	0.999999
Weights 	0.487842	0	0.999999
Weights 	0.487798	0	0.999999
Weights 	0.487783	0	0.999999
Weights 	0.487733	0	0.999999
Weights 	0.486372	0	0.999999
Weights 	0.485626	0	0.999999
Weights 	0.485474	0	0.999999
Weights 	0.485451	0	0.999999
Weights 	0.48544	0	0.999999
Weights 	0.485426	0	0.999999
Weights 	0.485426	0	0.999999
Weights 	0.485426	0	0.999999
Weights 	0.485383	0	0.999999
Weights 	0.485335	0	0.999999
Weights 	0.485258	0	0.999999
Weights 	0.48517	0	0.999999
Weights 	0.47955	0	0.999999
Weights 	0.479297	0	0.999999
Weights 	0.479208	0	0.999999
Weights 	0.479184	0	0.999999
Weights 	0.478026	0	0.999999
Weights 	0.477527	0	0.999999
Weights 	0.477385	0	0.999999
Weights 	0.477347	0	0.999999
Weights 	0.475834	0	0.999999
Weights 	0.473981	0	0.999999
Weights 	0.473336	0	0.999999
Weights 	0.473162	0	0.999999
Weights 	0.471142	0	0.999999
Weights 	0.469475	0	0.999999
Weights 	0.469208	0	0.999999
Weights 	0.468324	0	0.999999
Weights 	0.466598	0	0.999999
Weights 	0.46414	0	0.999999
Weights 	0.462518	0	0.999999
Weights 	0.460294	0	0.999999
Weights 	0.45941	0	0.999999
Weights 	0.457966	0	0.999999
Weights 	0.456615	0	0.999999
Weights 	0.455684	0	0.999999
Weights 	0.455296	0	0.999999
Weights 	0.453872	0	0.999999
Weights 	0.452499	0	0.999999
Weights 	0.451494	0	0.999999
Weights 	0.449754	0	0.999999
Weights 	0.448241	0	0.999999
Weights 	0.445733	0	0.999999
Weights 	0.445388	0	0.999999
Weights 	0.442785	0	0.999999
Weights 	0.441497	0	0.999999
Weights 	0.44105	0	0.999999
Weights 	0.440066	0	0.999999
Weights 	0.439959	0	0.999999
Weights 	0.438705	0	0.999999
Weights 	0.438676	0	0.999999
Weights 	0.438448	0	0.999999
Weights 	0.438145	0	0.999999
Weights 	0.438135	0	0.999999
Weights 	0.437742	0	0.999999
Weights 	0.437072	0	0.999999
Weights 	0.436484	0	0.999999
Weights 	0.436437	0	0.999999
Weights 	0.43608	0	0.999999
Weights 	0.435945	0	0.999999
Weights 	0.435585	0	0.999999
Weights 	0.434138	0	0.999999
Weights 	0.430794	0	0.999999
Weights 	0.429605	0	0.999999
Weights 	0.428897	0	0.999999
Weights 	0.427317	0	0.999999
Weights 	0.42613	0	0.999999
Weights 	0.425788	0	0.999999
Weights 	0.423195	0	0.999999
Weights 	0.422109	0	0.999999
Weights 	0.421915	0	0.999999
Weights 	0.421452	0	0.999999
Weights 	0.418387	0	0.999999
Weights 	0.416148	0	0.999999
Weights 	0.415332	0	0.999999
Weights 	0.414898	0	0.999999
Weights 	0.4144	0	0.999999
Weights 	0.413932	0	0.999999
Weights 	0.413323	0	0.999999
Weights 	0.411508	0	0.999999
Weights 	0.410618	0	0.999999
Weights 	0.410067	0	0.999999
Weights 	0.409911	0	0.999999
Weights 	0.408899	0	0.999999
Weights 	0.407895	0	0.999999
Weights 	0.406135	0	0.999999
Weights 	0.404464	0	0.999999
Weights 	0.403968	0	0.999999
Weights 	0.402482	0	0.999999
Weights 	0.40082	0	0.999999
Weights 	0.399453	0	0.999999
Weights 	0.397616	0	0.999999
Weights 	0.396463	0	0.999999
Weights 	0.395094	0	0.999999
Weights 	0.393638	0	0.999999
Weights 	0.392306	0	0.999999
Weights 	0.391202	0	0.999999
Weights 	0.38994	0	0.999999
Weights 	0.38817	0	0.999999
Weights 	0.387915	0	0.999999
Weights 	0.386326	0	0.999999
Weights 	0.384329	0	0.999999
Weights 	0.382256	0	0.999999
Weights 	0.381429	0	0.999999
Weights 	0.380174	0	0.999999
Weights 	0.379531	0	0.999999
Weights 	0.37877	0	0.999999
Weights 	0.377865	0	0.999999
Weights 	0.373475	0	0.999999
Weights 	0.372461	0	0.999999
Weights 	0.370765	0	0.999999
Weights 	0.369838	0	0.999999
Weights 	0.369003	0	0.999999
Weights 	0.368136	0	0.999999
Weights 	0.366977	0	0.999999
Weights 	0.365967	0	0.999999
Weights 	0.364851	0	0.999999
Weights 	0.363652	0	0.999999
Weights 	0.362968	0	0.999999
Weights 	0.362799	0	0.999999
Weights 	0.362163	0	0.999999
Weights 	0.361439	0	0.999999
Weights 	0.360915	0	0.999999
Weights 	0.360688	0	0.999999
Weights 	0.359146	0	0.999999
Weights 	0.358604	0	0.999999
Weights 	0.357806	0	0.999999
Weights 	0.356924	0	0.999999
Weights 	0.356874	0	0.999999
Weights 	0.355113	0	0.999999
Weights 	0.354644	0	0.999999
Weights 	0.354253	0	0.999999
Weights 	0.353762	0	0.999999
Weights 	0.353444	0	0.999999
Weights 	0.351528	0	0.999999
Weights 	0.351481	0	0.999999
Weights 	0.351407	0	0.999999
Weights 	0.349317	0	0.999999
Weights 	0.348286	0	0.999999
Weights 	0.348284	0	0.999999
Weights 	0.347491	0	0.999999
Weights 	0.345834	0	0.999999
Weights 	0.345789	0	0.999999
Weights 	0.345737	0	0.999999
Weights 	0.345496	0	0.999999
Weights 	0.344987	0	0.999999
Weights 	0.344976	0	0.999999
Weights 	0.344555	0	0.999999
Weights 	0.343184	0	0.999999
Weights 	0.342749	0	0.999999
Weights 	0.342427	0	0.999999
Weights 	0.342416	0	0.999999
Weights 	0.342308	0	0.999999
Weights 	0.342158	0	0.999999
Weights 	0.341669	0	0.999999
Weights 	0.341669	0	0.999999
Weights 	0.341438	0	0.999999
Weights 	0.341438	0	0.999999
Weights 	0.339148	0	0.999999
Weights 	0.338906	0	0.999999
Weights 	0.338708	0	0.999999
Weights 	0.338707	0	0.999999
Weights 	0.338707	0	0.999999
Weights 	0.338482	0	0.999999
Weights 	0.334797	0	0.999999
Weights 	0.334057	0	0.999999
Weights 	0.334055	0	0.999999
Weights 	0.334055	0	0.999999
Weights 	0.334055	0	0.999999
Weights 	0.333591	0	0.999999
Weights 	0.332399	0	0.999999
Weights 	0.332162	0	0.999999
Weights 	0.331931	0	0.999999
Weights 	0.331931	0	0.999999
Weights 	0.331893	0	0.999999
Weights 	0.331774	0	0.999999
Weights 	0.331482	0	0.999999
Weights 	0.331482	0	0.999999
Weights 	0.329586	0	0.999999
Weights 	0.329125	0	0.999999
Weights 	0.329125	0	0.999999
Weights 	0.329124	0	0.999999
Weights 	0.326673	0	0.999999
Weights 	0.326673	0	0.999999
Weights 	0.32632	0	0.999999
Weights 	0.32632	0	0.999999
Weights 	0.32632	0	0.999999
Weights 	0.32632	0	0.999999
Weights 	0.32632	0	0.999999
Weights 	0.326208	0	0.999999
Weights 	0.32597	0	0.999999
Weights 	0.32597	0	0.999999
Weights 	0.325918	0	0.999999
Weights 	0.325918	0	0.999999
Weights 	0.325916	0	0.999999
Weights 	0.325916	0	0.999999
Weights 	0.325916	0	0.999999
Weights 	0.324439	0	0.999999
Weights 	0.322604	0	0.999999
Weights 	0.322439	0	0.999999
Weights 	0.322439	0	0.999999
Weights 	0.322439	0	0.999999
Weights 	0.322439	0	0.999999
Weights 	0.321113	0	0.999999
Weights 	0.319846	0	0.999999
Weights 	0.319604	0	0.999999
Weights 	0.319085	0	0.999999
Weights 	0.317835	0	0.999999
Weights 	0.317804	0	0.999999
Weights 	0.317804	0	0.999999
Weights 	0.317619	0	0.999999
Weights 	0.317189	0	0.999999
Weights 	0.316808	0	0.999999
Weights 	0.316808	0	0.999999
Weights 	0.316808	0	0.999999
Weights 	0.31643	0	0.999999
Weights 	0.316408	0	0.999999
Weights 	0.315795	0	0.999999
Weights 	0.315777	0	0.999999
Weights 	0.315768	0	0.999999
Weights 	0.315758	0	0.999999
Weights 	0.315753	0	0.999999
Weights 	0.315751	0	0.999999
Weights 	0.315704	0	0.999999
Weights 	0.315209	0	0.999999
Weights 	0.314996	0	0.999999
Weights 	0.314598	0	0.999999
Weights 	0.314458	0	0.999999
Weights 	0.314408	0	0.999999
Weights 	0.314365	0	0.999999
Weights 	0.31201	0	0.999999
Weights 	0.31109	0	0.999999
Weights 	0.310554	0	0.999999
Weights 	0.310135	0	0.999999
Weights 	0.308267	0	0.999999
Weights 	0.307433	0	0.999999
Weights 	0.306158	0	0.999999
Weights 	0.305502	0	0.999999
Weights 	0.304294	0	0.999999
Weights 	0.303776	0	0.999999
Weights 	0.301917	0	0.999999
Weights 	0.300864	0	0.999999
Weights 	0.299871	0	0.999999
Weights 	0.299445	0	0.999999
Weights 	0.297524	0	0.999999
Weights 	0.297333	0	0.999999
Weights 	0.296319	0	0.999999
Weights 	0.295422	0	0.999999
Weights 	0.29188	0	0.999999
Weights 	0.289971	0	0.999999
Weights 	0.289241	0	0.999999
Weights 	0.288406	0	0.999999
Weights 	0.288224	0	0.999999
Weights 	0.286889	0	0.999999
Weights 	0.286234	0	0.999999
Weights 	0.283697	0	0.999999
Weights 	0.28353	0	0.999999
Weights 	0.282916	0	0.999999
Weights 	0.282438	0	0.999999
Weights 	0.28084	0	0.999999
Weights 	0.280694	0	0.999999
Weights 	0.279887	0	0.999999
Weights 	0.279514	0	0.999999
Weights 	0.278675	0	0.999999
Weights 	0.278024	0	0.999999
Weights 	0.277627	0	0.999999
Weights 	0.276391	0	0.999999
Weights 	0.276155	0	0.999999
Weights 	0.27439	0	0.999999
Weights 	0.274058	0	0.999999
Weights 	0.273829	0	0.999999
Weights 	0.273739	0	0.999999
Weights 	0.272966	0	0.999999
Weights 	0.271249	0	0.999999
Weights 	0.270405	0	0.999999
Weights 	0.27016	0	0.999999
Weights 	0.269966	0	0.999999
Weights 	0.269648	0	0.999999
Weights 	0.269282	0	0.999999
Weights 	0.268944	0	0.999999
Weights 	0.267045	0	0.999999
Weights 	0.266553	0	0.999999
Weights 	0.266465	0	0.999999
Weights 	0.265936	0	0.999999
Weights 	0.265827	0	0.999999
Weights 	0.265651	0	0.999999
Weights 	0.265358	0	0.999999
Weights 	0.264029	0	0.999999
Weights 	0.262036	0	0.999999
Weights 	0.261773	0	0.999999
Weights 	0.261631	0	0.999999
Weights 	0.261128	0	0.999999
Weights 	0.260777	0	0.999999
Weights 	0.260612	0	0.999999
Weights 	0.260559	0	0.999999
Weights 	0.260556	0	0.999999
Weights 	0.260317	0	0.999999
Weights 	0.26005	0	0.999999
Weights 	0.259073	0	0.999999
Weights 	0.259014	0	0.999999
Weights 	0.25877	0	0.999999
Weights 	0.258616	0	0.999999
Weights 	0.258593	0	0.999999
Weights 	0.257714	0	0.999999
Weights 	0.257573	0	0.999999
Weights 	0.256997	0	0.999999
Weights 	0.256121	0	0.999999
Weights 	0.255967	0	0.999999
Weights 	0.25581	0	0.999999
Weights 	0.255254	0	0.999999
Weights 	0.254134	0	0.999999
Weights 	0.254064	0	0.999999
Weights 	0.251322	0	0.999999
Weights 	0.251198	0	0.999999
Weights 	0.24973	0	0.999999
Weights 	0.249617	0	0.999999
Weights 	0.249356	0	0.999999
Weights 	0.248007	0	0.999999
Weights 	0.247816	0	0.999999
Weights 	0.247692	0	0.999999
Weights 	0.247251	0	0.999999
Weights 	0.24706	0	0.999999
Weights 	0.246431	0	0.999999
Weights 	0.245879	0	0.999999
Weights 	0.245832	0	0.999999
Weights 	0.245566	0	0.999999
Weights 	0.245507	0	0.999999
Weights 	0.245445	0	0.999999
Weights 	0.245159	0	0.999999
Weights 	0.245131	0	0.999999
Weights 	0.245105	0	0.999999
Weights 	0.245063	0	0.999999
Weights 	0.244863	0	0.999999
Weights 	0.244824	0	0.999999
Weights 	0.244762	0	0.999999
Weights 	0.244756	0	0.999999
Weights 	0.243825	0	0.999999
Weights 	0.24379	0	0.999999
Weights 	0.24379	0	0.999999
Weights 	0.242659	0	0.999999
Weights 	0.242365	0	0.999999
Weights 	0.241099	0	0.999999
Weights 	0.240562	0	0.999999
Weights 	0.240496	0	0.999999
Weights 	0.240465	0	0.999999
Weights 	0.240119	0	0.999999
Weights 	0.24001	0	0.999999
Weights 	0.240006	0	0.999999
Weights 	0.239615	0	0.999999
Weights 	0.239201	0	0.999999
Weights 	0.237448	0	0.999999
Weights 	0.237433	0	0.999999
Weights 	0.236627	0	0.999999
Weights 	0.236126	0	0.999999
Weights 	0.235401	0	0.999999
Weights 	0.233793	0	0.999999
Weights 	0.233755	0	0.999999
Weights 	0.231797	0	0.999999
Weights 	0.231751	0	0.999999
Weights 	0.23173	0	0.999999
Weights 	0.231279	0	0.999999
Weights 	0.230979	0	0.999999
Weights 	0.230965	0	0.999999
Weights 	0.230652	0	0.999999
Weights 	0.230604	0	0.999999
Weights 	0.230578	0	0.999999
Weights 	0.230573	0	0.999999
Weights 	0.230571	0	0.999999
Weights 	0.230566	0	0.999999
Weights 	0.230355	0	0.999999
Weights 	0.230341	0	0.999999
Weights 	0.228628	0	0.999999
Weights 	0.228351	0	0.999999
Weights 	0.228222	0	0.999999
Weights 	0.227591	0	0.999999
Weights 	0.227582	0	0.999999
Weights 	0.227568	0	0.999999
Weights 	0.226897	0	0.999999
Weights 	0.22688	0	0.999999
Weights 	0.22673	0	0.999999
Weights 	0.226544	0	0.999999
Weights 	0.226451	0	0.999999
Weights 	0.226395	0	0.999999
Weights 	0.226388	0	0.999999
Weights 	0.22636	0	0.999999
Weights 	0.226253	0	0.999999
Weights 	0.226143	0	0.999999
Weights 	0.225491	0	0.999999
Weights 	0.225168	0	0.999999
Weights 	0.223941	0	0.999999
Weights 	0.223615	0	0.999999
Weights 	0.223451	0	0.999999
Weights 	0.223338	0	0.999999
Weights 	0.22322	0	0.999999
Weights 	0.222364	0	0.999999
Weights 	0.222286	0	0.999999
Weights 	0.222228	0	0.999999
Weights 	0.221421	0	0.999999
Weights 	0.221025	0	0.999999
Weights 	0.220169	0	0.999999
Weights 	0.219907	0	0.999999
Weights 	0.21973	0	0.999999
Weights 	0.219564	0	0.999999
Weights 	0.219414	0	0.999999
Weights 	0.219019	0	0.999999
Weights 	0.218846	0	0.999999
Weights 	0.218593	0	0.999999
Weights 	0.218452	0	0.999999
Weights 	0.2183	0	0.999999
Weights 	0.21718	0	0.999999
Weights 	0.217048	0	0.999999
Weights 	0.216882	0	0.999999
Weights 	0.216779	0	0.999999
Weights 	0.216698	0	0.999999
Weights 	0.216566	0	0.999999
Weights 	0.216455	0	0.999999
Weights 	0.216261	0	0.999999
Weights 	0.216208	0	0.999999
Weights 	0.215873	0	0.999999
Weights 	0.215395	0	0.999999
Weights 	0.215272	0	0.999999
Weights 	0.215102	0	0.999999
Weights 	0.213784	0	0.999999
Weights 	0.213701	0	0.999999
Weights 	0.213042	0	0.999999
Weights 	0.21302	0	0.999999
Weights 	0.212963	0	0.999999
Weights 	0.212921	0	0.999999
Weights 	0.212865	0	0.999999
Weights 	0.212607	0	0.999999
Weights 	0.212554	0	0.999999
BEGIN
Weights 	0.499875	0.00100087	1
Weights 	0.499875	0.00100087	1
Weights 	0.499875	0.00100087	1
Weights 	0.499875	0.00100087	1
Weights 	0.499875	0.00100087	1
Weights 	0.499875	0.00100087	1
Weights 	0.499875	0.00100087	1
Weights 	0.499875	0.00100087	1
Weights 	0.499875	0.00100087	1
Weights 	0.499875	0.00100087	1
Weights 	0.499875	0.00100087	1
Weights 	0.499875	0.00100087	1
Weights 	0.499875	0.00100087	1
Weights 	0.499875	0.00100087	1
Weights 	0.499875	0.00100087	1
Weights 	0.499875	0.00100087	1
Weights 	0.499875	0.00100087	1
Weights 	0.499875	0.00100087	1
Weights 	0.499875	0.00100087	1
Weights 	0.499875	0.00100087	1
Weights 	0.499875	0.00100087	1
Weights 	0.499875	0.00100087	1
Weights 	0.499875	0.00100087	1
Weights 	0.499875	0.00100087	1
Weights 	0.499875	0.00100087	1
BEGIN
Weights 	0.500251	0.00100122	1
Weights 	0.500251	0.00100122	1
Weights 	0.500251	0.00100122	1
Weights 	0.500251	0.00100122	1
Weights 	0.500251	0.00100122	1
Weights 	0.500251	0.00100122	1
Weights 	0.500251	0.00100122	1
Weights 	0.500251	0.00100122	1
Weights 	0.500251	0.00100122	1
Weights 	0.500251	0.00100122	1
Weights 	0.500251	0.00100122	1
Weights 	0.500251	0.00100122	1
Weights 	0.500251	0.00100122	1
Weights 	0.500251	0.00100122	1
Weights 	0.500251	0.00100122	1
Weights 	0.500251	0.00100122	1
Weights 	0.500251	0.00100122	1
Weights 	0.500251	0.00100122	1
Weights 	0.500251	0.00100122	1
Weights 	0.500251	0.00100122	1
Weights 	0.500251	0.00100122	1
Weights 	0.500251	0.00100122	1
Weights 	0.500251	0.00100122	1
Weights 	0.500251	0.00100122	1
Weights 	0.500251	0.00100122	1
Weights 	0.500251	0.00100122	1
Weights 	0.500236	0	1
Weights 	0.500236	0	1
Weights 	0.500236	0	1
Weights 	0.500236	0	1
Weights 	0.500236	0	1
Weights 	0.500236	0	1
Weights 	0.500236	0	1
Weights 	0.500236	0	1
Weights 	0.500236	0	1
Weights 	0.500236	0	1
Weights 	0.500236	0	1
Weights 	0.500236	0	1
Weights 	0.500236	0	1
Weights 	0.500236	0	1
Weights 	0.500236	0	1
Weights 	0.500236	0	1
Weights 	0.500236	0	1
Weights 	0.500236	0	1
Weights 	0.500236	0	1
Weights 	0.500236	0	1
Weights 	0.500236	0	1
Weights 	0.500236	0	1
Weights 	0.500236	0	1
Weights 	0.500236	0	1
Weights 	0.500236	0	1
Weights 	0.500236	0	1
Weights 	0.500236	0	1
Weights 	0.500236	0	1
Weights 	0.500236	0	1
Weights 	0.500236	0	1
Weights 	0.500236	0	1
Weights 	0.500236	0	1
Weights 	0.500236	0	1
Weights 	0.500236	0	1
Weights 	0.500236	0	1
Weights 	0.500236	0	1
BEGIN
Weights 	0.500506	0.00100047	0.999998
Weights 	0.500506	0.00100047	0.999998
Weights 	0.500506	0.00100047	0.999998
Weights 	0.500506	0.00100047	0.999998
Weights 	0.500506	0.00100047	0.999998
Weights 	0.500506	0.00100047	0.999998
Weights 	0.500506	0.00100047	0.999998
Weights 	0.500506	0.00100047	0.999998
Weights 	0.500506	0.00100047	0.999998
Weights 	0.500506	0.00100047	0.999998
Weights 	0.500506	0.00100047	0.999998
Weights 	0.500506	0.00100047	0.999998
Weights 	0.500506	0.00100047	0.999998
Weights 	0.500506	0.00100047	0.999998
Weights 	0.500506	0.00100047	0.999998
Weights 	0.500506	0.00100047	0.999998
Weights 	0.500506	0.00100047	0.999998
Weights 	0.500506	0.00100047	0.999998
Weights 	0.500506	0.00100047	0.999998
Weights 	0.500506	0.00100047	0.999998
Weights 	0.500506	0.00100047	0.999998
Weights 	0.500506	0.00100047	0.999998
Weights 	0.500506	0.00100047	0.999998
Weights 	0.500506	0.00100047	0.999998
Weights 	0.500506	0.00100047	0.999998
Weights 	0.500506	0.00100047	0.999998
Weights 	0.500506	0.00100047	0.999998
Weights 	0.500506	0.00100047	0.999998
Weights 	0.500506	0.00100047	0.999998
Weights 	0.500506	0.00100047	0.999998
Weights 	0.500506	0.00100047	0.999998
Weights 	0.500506	0.00100047	0.999998
Weights 	0.500506	0.00100047	0.999998
Weights 	0.500506	0.00100047	0.999998
Weights 	0.500506	0.00100047	0.999998
Weights 	0.500506	0.00100047	0.999998
Weights 	0.500506	0.00100047	0.999998
Weights 	0.500506	0.00100047	0.999998
Weights 	0.500506	0.00100047	0.999998
Weights 	0.500506	0.00100047	0.999998
Weights 	0.500506	0.00100047	0.999998
Weights 	0.500506	0.00100047	0.999998
Weights 	0.500506	0.00100047	0.999998
Weights 	0.500506	0.00100047	0.999998
Weights 	0.500506	0.00100047	0.999998
Weights 	0.500506	0.00100047	0.999998
Weights 	0.500506	0.00100047	0.999998
Weights 	0.500506	0.00100047	0.999998
Weights 	0.500506	0.00100047	0.999998
Weights 	0.500506	0.00100047	0.999998
Weights 	0.500506	0.00100047	0.999998
Weights 	0.500506	0.00100047	0.999998
Weights 	0.500506	0.00100047	0.999998
Weights 	0.500506	0.00100047	0.999998
Weights 	0.500506	0.00100047	0.999998
Weights 	0.500506	0.00100047	0.999998
Weights 	0.500506	0.00100047	0.999998
Weights 	0.500506	0.00100047	0.999998
Weights 	0.500506	0.00100047	0.999998
Weights 	0.500506	0.00100047	0.999998
Weights 	0.500506	0.00100047	0.999998
Weights 	0.500506	0.00100047	0.999998
Weights 	0.500506	0.00100047	0.999998
Weights 	0.500506	0.00100047	0.999998
BEGIN
Weights 	0.499853	0.00100101	0.999999
Weights 	0.499853	0.00100101	0.999999
Weights 	0.499853	0.00100101	0.999999
Weights 	0.499853	0.00100101	0.999999
Weights 	0.499853	0.00100101	0.999999
Weights 	0.499853	0.00100101	0.999999
Weights 	0.499853	0.00100101	0.999999
Weights 	0.499853	0.00100101	0.999999
Weights 	0.499853	0.00100101	0.999999
Weights 	0.499853	0.00100101	0.999999
Weights 	0.499853	0.00100101	0.999999
Weights 	0.499853	0.00100101	0.999999
Weights 	0.499853	0.00100101	0.999999
Weights 	0.499853	0.00100101	0.999999
Weights 	0.499853	0.00100101	0.999999
Weights 	0.499853	0.00100101	0.999999
Weights 	0.499853	0.00100101	0.999999
Weights 	0.499853	0.00100101	0.999999
Weights 	0.499853	0.00100101	0.999999
Weights 	0.499853	0.00100101	0.999999
Weights 	0.499853	0.00100101	0.999999
Weights 	0.499853	0.00100101	0.999999
Weights 	0.499853	0.00100101	0.999999
Weights 	0.499853	0.00100101	0.999999
Weights 	0.499853	0.00100101	0.999999
Weights 	0.499853	0.00100101	0.999999
Weights 	0.499853	0.00100101	0.999999
Weights 	0.499853	0.00100101	0.999999
Weights 	0.499853	0.00100101	0.999999
Weights 	0.499853	0.00100101	0.999999
Weights 	0.499853	0.00100101	0.999999
Weights 	0.499853	0.00100101	0.999999
Weights 	0.499853	0.00100101	0.999999
Weights 	0.499853	0.00100101	0.999999
Weights 	0.499853	0.00100101	0.999999
Weights 	0.499853	0.00100101	0.999999
Weights 	0.499853	0.00100101	0.999999
Weights 	0.499853	0.00100101	0.999999
Weights 	0.499853	0.00100101	0.999999
Weights 	0.499853	0.00100101	0.999999
Weights 	0.499853	0.00100101	0.999999
Weights 	0.499853	0.00100101	0.999999
Weights 	0.499853	0.00100101	0.999999
Weights 	0.499853	0.00100101	0.999999
Weights 	0.499853	0.00100101	0.999999
Weights 	0.499853	0.00100101	0.999999
Weights 	0.499853	0.00100101	0.999999
BEGIN
Weights 	0.500278	0.00100565	0.999997
Weights 	0.500278	0.00100565	0.999997
Weights 	0.500278	0.00100565	0.999997
Weights 	0.500278	0.00100565	0.999997
Weights 	0.500278	0.00100565	0.999997
Weights 	0.500278	0.00100565	0.999997
Weights 	0.500278	0.00100565	0.999997
Weights 	0.500278	0.00100565	0.999997
Weights 	0.500278	0.00100565	0.999997
Weights 	0.500278	0.00100565	0.999997
Weights 	0.500278	0.00100565	0.999997
Weights 	0.500278	0.00100565	0.999997
Weights 	0.500278	0.00100565	0.999997
Weights 	0.500278	0.00100565	0.999997
Weights 	0.500278	0.00100565	0.999997
Weights 	0.500278	0.00100565	0.999997
Weights 	0.500278	0.00100565	0.999997
Weights 	0.500278	0.00100565	0.999997
Weights 	0.500278	0.00100565	0.999997
Weights 	0.500278	0.00100565	0.999997
Weights 	0.500278	0.00100565	0.999997
Weights 	0.500278	0.00100565	0.999997
Weights 	0.500278	0.00100565	0.999997
Weights 	0.500278	0.00100565	0.999997
Weights 	0.500278	0.00100565	0.999997
Weights 	0.500278	0.00100565	0.999997
Weights 	0.500265	0	0.999997
Weights 	0.500263	0	0.999997
Weights 	0.500263	0	0.999997
Weights 	0.500263	0	0.999997
Weights 	0.500263	0	0.999997
Weights 	0.500263	0	0.999997
Weights 	0.500263	0	0.999997
Weights 	0.500263	0	0.999997
Weights 	0.500263	0	0.999997
Weights 	0.500263	0	0.999997
Weights 	0.500263	0	0.999997
Weights 	0.500263	0	0.999997
Weights 	0.500263	0	0.999997
Weights 	0.500263	0	0.999997
Weights 	0.500263	0	0.999997
Weights 	0.500263	0	0.999997
Weights 	0.500251	0	0.999997
Weights 	0.500251	0	0.999997
Weights 	0.500251	0	0.999997
Weights 	0.500251	0	0.999997
Weights 	0.500251	0	0.999997
Weights 	0.500251	0	0.999997
Weights 	0.500251	0	0.999997
Weights 	0.500251	0	0.999997
Weights 	0.500251	0	0.999997
Weights 	0.500251	0	0.999997
Weights 	0.500251	0	0.999997
BEGIN
Weights 	0.500809	0.00100027	0.999998
Weights 	0.500809	0.00100027	0.999998
Weights 	0.500809	0.00100027	0.999998
Weights 	0.500809	0.00100027	0.999998
Weights 	0.500809	0.00100027	0.999998
Weights 	0.500809	0.00100027	0.999998
Weights 	0.500809	0.00100027	0.999998
Weights 	0.500809	0.00100027	0.999998
Weights 	0.500809	0.00100027	0.999998
Weights 	0.500809	0.00100027	0.999998
Weights 	0.500809	0.00100027	0.999998
Weights 	0.500809	0.00100027	0.999998
Weights 	0.500809	0.00100027	0.999998
Weights 	0.500809	0.00100027	0.999998
Weights 	0.500809	0.00100027	0.999998
Weights 	0.500809	0.00100027	0.999998
Weights 	0.500809	0.00100027	0.999998
Weights 	0.500809	0.00100027	0.999998
Weights 	0.500789	0	0.999998
Weights 	0.500789	0	0.999998
Weights 	0.500789	0	0.999998
Weights 	0.500789	0	0.999998
Weights 	0.500789	0	0.999998
Weights 	0.500789	0	0.999998
Weights 	0.500789	0	0.999998
Weights 	0.500789	0	0.999998
Weights 	0.500737	0	0.999998
Weights 	0.500734	0	0.999998
Weights 	0.500734	0	0.999998
Weights 	0.500734	0	0.999998
Weights 	0.500734	0	0.999998
Weights 	0.500734	0	0.999998
Weights 	0.500734	0	0.999998
Weights 	0.500734	0	0.999998
Weights 	0.500734	0	0.999998
Weights 	0.500734	0	0.999998
Weights 	0.500734	0	0.999998
Weights 	0.500734	0	0.999998
Weights 	0.500734	0	0.999998
Weights 	0.500734	0	0.999998
Weights 	0.500734	0	0.999998
Weights 	0.500734	0	0.999998
Weights 	0.500693	0	0.999998
Weights 	0.500674	0	0.999998
Weights 	0.50066	0	0.999998
Weights 	0.50066	0	0.999998
Weights 	0.50066	0	0.999998
Weights 	0.50066	0	0.999998
Weights 	0.500642	0	0.999998
Weights 	0.500641	0	0.999998
Weights 	0.500641	0	0.999998
Weights 	0.500641	0	0.999998
Weights 	0.500641	0	0.999998
Weights 	0.500623	0	0.999998
Weights 	0.500619	0	0.999998
Weights 	0.500619	0	0.999998
Weights 	0.500619	0	0.999998
Weights 	0.500608	0	0.999998
Weights 	0.500606	0	0.999998
Weights 	0.500606	0	0.999998
Weights 	0.500606	0	0.999998
Weights 	0.500598	0	0.999998
Weights 	0.500594	0	0.999998
Weights 	0.500594	0	0.999998
Weights 	0.500594	0	0.999998
Weights 	0.500578	0	0.999998
Weights 	0.500571	0	0.999998
Weights 	0.500569	0	0.999998
Weights 	0.500568	0	0.999998
Weights 	0.500568	0	0.999998
Weights 	0.500554	0	0.999998
Weights 	0.500545	0	0.999998
Weights 	0.497794	0	0.999998
Weights 	0.497286	0	0.999998
Weights 	0.497274	0	0.999998
Weights 	0.49726	0	0.999998
Weights 	0.497249	0	0.999998
Weights 	0.497248	0	0.999998
Weights 	0.497247	0	0.999998
Weights 	0.49724	0	0.999998
Weights 	0.497238	0	0.999998
Weights 	0.497236	0	0.999998
Weights 	0.497232	0	0.999998
Weights 	0.497228	0	0.999998
Weights 	0.497226	0	0.999998
Weights 	0.497224	0	0.999998
Weights 	0.497213	0	0.999998
Weights 	0.497211	0	0.999998
Weights 	0.4972	0	0.999998
Weights 	0.497193	0	0.999998
Weights 	0.497189	0	0.999998
Weights 	0.497186	0	0.999998
Weights 	0.497186	0	0.999998
Weights 	0.497184	0	0.999998
Weights 	0.497184	0	0.999998
Weights 	0.497184	0	0.999998
Weights 	0.497163	0	0.999998
Weights 	0.497153	0	0.999998
Weights 	0.497153	0	0.999998
Weights 	0.496943	0	0.999998
Weights 	0.496928	0	0.999998
Weights 	0.496926	0	0.999998
Weights 	0.494388	0	0.999998
Weights 	0.494166	0	0.999998
Weights 	0.49199	0	0.999998
Weights 	0.490881	0	0.999998
Weights 	0.490861	0	0.999998
Weights 	0.490856	0	0.999998
Weights 	0.490842	0	0.999998
Weights 	0.490838	0	0.999998
Weights 	0.490837	0	0.999998
Weights 	0.490833	0	0.999998
Weights 	0.489176	0	0.999998
Weights 	0.488253	0	0.999998
Weights 	0.488239	0	0.999998
Weights 	0.488224	0	0.999998
Weights 	0.488214	0	0.999998
Weights 	0.488207	0	0.999998
Weights 	0.488207	0	0.999998
Weights 	0.488207	0	0.999998
Weights 	0.488204	0	0.999998
Weights 	0.488199	0	0.999998
Weights 	0.48818	0	0.999998
Weights 	0.488123	0	0.999998
Weights 	0.486851	0	0.999998
Weights 	0.485017	0	0.999998
Weights 	0.484992	0	0.999998
Weights 	0.484961	0	0.999998
Weights 	0.483561	0	0.999998
Weights 	0.482796	0	0.999998
Weights 	0.482713	0	0.999998
Weights 	0.482601	0	0.999998
Weights 	0.481371	0	0.999998
Weights 	0.480564	0	0.999998
Weights 	0.478988	0	0.999998
Weights 	0.47893	0	0.999998
Weights 	0.476576	0	0.999998
Weights 	0.474671	0	0.999998
Weights 	0.474117	0	0.999998
Weights 	0.473007	0	0.999998
Weights 	0.471896	0	0.999998
Weights 	0.469916	0	0.999998
Weights 	0.468355	0	0.999998
Weights 	0.467337	0	0.999998
Weights 	0.465814	0	0.999998
Weights 	0.463956	0	0.999998
Weights 	0.462322	0	0.999998
Weights 	0.460939	0	0.999998
Weights 	0.460367	0	0.999998
Weights 	0.459032	0	0.999998
Weights 	0.457286	0	0.999998
Weights 	0.456092	0	0.999998
Weights 	0.455553	0	0.999998
Weights 	0.455271	0	0.999998
Weights 	0.453841	0	0.999998
Weights 	0.453075	0	0.999998
Weights 	0.452461	0	0.999998
Weights 	0.450588	0	0.999998
Weights 	0.45006	0	0.999998
Weights 	0.44872	0	0.999998
Weights 	0.448523	0	0.999998
Weights 	0.44707	0	0.999998
Weights 	0.447039	0	0.999998
Weights 	0.446702	0	0.999998
Weights 	0.445765	0	0.999998
Weights 	0.445715	0	0.999998
Weights 	0.445684	0	0.999998
Weights 	0.4451	0	0.999998
Weights 	0.444759	0	0.999998
Weights 	0.444736	0	0.999998
Weights 	0.444401	0	0.999998
Weights 	0.444209	0	0.999998
Weights 	0.444034	0	0.999998
Weights 	0.443812	0	0.999998
Weights 	0.443467	0	0.999998
Weights 	0.443218	0	0.999998
Weights 	0.443047	0	0.999998
Weights 	0.442724	0	0.999998
Weights 	0.441695	0	0.999998
Weights 	0.441174	0	0.999998
Weights 	0.44066	0	0.999998
Weights 	0.439982	0	0.999998
Weights 	0.439953	0	0.999998
Weights 	0.439931	0	0.999998
Weights 	0.439452	0	0.999998
Weights 	0.438633	0	0.999998
Weights 	0.438347	0	0.999998
Weights 	0.438136	0	0.999998
Weights 	0.437937	0	0.999998
Weights 	0.437886	0	0.999998
Weights 	0.437541	0	0.999998
Weights 	0.4372	0	0.999998
Weights 	0.437001	0	0.999998
Weights 	0.436834	0	0.999998
Weights 	0.436831	0	0.999998
Weights 	0.436539	0	0.999998
Weights 	0.436087	0	0.999998
Weights 	0.435708	0	0.999998
Weights 	0.435105	0	0.999998
Weights 	0.434979	0	0.999998
Weights 	0.434769	0	0.999998
Weights 	0.434549	0	0.999998
Weights 	0.434147	0	0.999998
Weights 	0.433791	0	0.999998
Weights 	0.433536	0	0.999998
Weights 	0.433371	0	0.999998
Weights 	0.432425	0	0.999998
Weights 	0.43197	0	0.999998
Weights 	0.431812	0	0.999998
Weights 	0.431039	0	0.999998
Weights 	0.430735	0	0.999998
Weights 	0.43072	0	0.999998
Weights 	0.430399	0	0.999998
Weights 	0.429713	0	0.999998
Weights 	0.429005	0	0.999998
Weights 	0.428799	0	0.999998
Weights 	0.428596	0	0.999998
Weights 	0.428442	0	0.999998
Weights 	0.428259	0	0.999998
Weights 	0.427914	0	0.999998
Weights 	0.425718	0	0.999998
Weights 	0.425408	0	0.999998
Weights 	0.425131	0	0.999998
Weights 	0.42496	0	0.999998
Weights 	0.424834	0	0.999998
Weights 	0.424668	0	0.999998
Weights 	0.424491	0	0.999998
Weights 	0.424309	0	0.999998
Weights 	0.424125	0	0.999998
Weights 	0.423714	0	0.999998
Weights 	0.423614	0	0.999998
Weights 	0.423591	0	0.999998
Weights 	0.423481	0	0.999998
Weights 	0.423411	0	0.999998
Weights 	0.42335	0	0.999998
Weights 	0.423298	0	0.999998
Weights 	0.422698	0	0.999998
Weights 	0.422598	0	0.999998
Weights 	0.422458	0	0.999998
Weights 	0.422182	0	0.999998
Weights 	0.422181	0	0.999998
Weights 	0.421762	0	0.999998
Weights 	0.4217	0	0.999998
Weights 	0.42165	0	0.999998
Weights 	0.42158	0	0.999998
Weights 	0.421518	0	0.999998
Weights 	0.421155	0	0.999998
Weights 	0.421109	0	0.999998
Weights 	0.421096	0	0.999998
Weights 	0.420699	0	0.999998
Weights 	0.420334	0	0.999998
Weights 	0.420334	0	0.999998
Weights 	0.42006	0	0.999998
Weights 	0.419434	0	0.999998
Weights 	0.419424	0	0.999998
Weights 	0.419391	0	0.999998
Weights 	0.419349	0	0.999998
Weights 	0.419265	0	0.999998
Weights 	0.419265	0	0.999998
Weights 	0.419066	0	0.999998
Weights 	0.418276	0	0.999998
Weights 	0.418082	0	0.999998
Weights 	0.418039	0	0.999998
Weights 	0.418039	0	0.999998
Weights 	0.41802	0	0.999998
Weights 	0.417994	0	0.999998
Weights 	0.417794	0	0.999998
Weights 	0.417794	0	0.999998
Weights 	0.417754	0	0.999998
Weights 	0.417754	0	0.999998
Weights 	0.411868	0	0.999998
Weights 	0.411185	0	0.999998
Weights 	0.411142	0	0.999998
Weights 	0.411141	0	0.999998
Weights 	0.411141	0	0.999998
Weights 	0.411103	0	0.999998
Weights 	0.404101	0	0.999998
Weights 	0.403502	0	0.999998
Weights 	0.403502	0	0.999998
Weights 	0.403502	0	0.999998
Weights 	0.403502	0	0.999998
Weights 	0.403288	0	0.999998
Weights 	0.402709	0	0.999998
Weights 	0.40264	0	0.999998
Weights 	0.4026	0	0.999998
Weights 	0.4026	0	0.999998
Weights 	0.402591	0	0.999998
Weights 	0.402573	0	0.999998
Weights 	0.402519	0	0.999998
Weights 	0.402519	0	0.999998
Weights 	0.397984	0	0.999998
Weights 	0.396068	0	0.999998
Weights 	0.396068	0	0.999998
Weights 	0.396068	0	0.999998
Weights 	0.395131	0	0.999998
Weights 	0.395131	0	0.999998
Weights 	0.394938	0	0.999998
Weights 	0.394938	0	0.999998
Weights 	0.394938	0	0.999998
Weights 	0.394938	0	0.999998
Weights 	0.394938	0	0.999998
Weights 	0.394924	0	0.999998
Weights 	0.39488	0	0.999998
Weights 	0.39488	0	0.999998
Weights 	0.394844	0	0.999998
Weights 	0.394844	0	0.999998
Weights 	0.394844	0	0.999998
Weights 	0.394844	0	0.999998
Weights 	0.394844	0	0.999998
Weights 	0.390692	0	0.999998
Weights 	0.386769	0	0.999998
Weights 	0.386221	0	0.999998
Weights 	0.386221	0	0.999998
Weights 	0.386206	0	0.999998
Weights 	0.386206	0	0.999998
Weights 	0.382905	0	0.999998
Weights 	0.381621	0	0.999998
Weights 	0.381583	0	0.999998
Weights 	0.381301	0	0.999998
Weights 	0.379356	0	0.999998
Weights 	0.379328	0	0.999998
Weights 	0.379328	0	0.999998
Weights 	0.379296	0	0.999998
Weights 	0.379104	0	0.999998
Weights 	0.378893	0	0.999998
Weights 	0.378893	0	0.999998
Weights 	0.378893	0	0.999998
Weights 	0.378705	0	0.999998
Weights 	0.378705	0	0.999998
Weights 	0.378471	0	0.999998
Weights 	0.378464	0	0.999998
Weights 	0.378448	0	0.999998
Weights 	0.378445	0	0.999998
Weights 	0.378445	0	0.999998
Weights 	0.378431	0	0.999998
Weights 	0.378392	0	0.999998
Weights 	0.376331	0	0.999998
Weights 	0.376098	0	0.999998
Weights 	0.37465	0	0.999998
Weights 	0.374634	0	0.999998
Weights 	0.374607	0	0.999998
Weights 	0.374592	0	0.999998
Weights 	0.370642	0	0.999998
Weights 	0.370126	0	0.999998
Weights 	0.369494	0	0.999998
Weights 	0.369056	0	0.999998
Weights 	0.365	0	0.999998
Weights 	0.364529	0	0.999998
Weights 	0.363109	0	0.999998
Weights 	0.362571	0	0.999998
Weights 	0.36137	0	0.999998
Weights 	0.360565	0	0.999998
Weights 	0.359106	0	0.999998
Weights 	0.35772	0	0.999998
Weights 	0.35634	0	0.999998
Weights 	0.354593	0	0.999998
Weights 	0.351203	0	0.999998
Weights 	0.350206	0	0.999998
Weights 	0.347933	0	0.999998
Weights 	0.347018	0	0.999998
Weights 	0.345713	0	0.999998
Weights 	0.342744	0	0.999998
Weights 	0.340541	0	0.999998
Weights 	0.337124	0	0.999998
Weights 	0.335805	0	0.999998
Weights 	0.333858	0	0.999998
Weights 	0.332725	0	0.999998
Weights 	0.330139	0	0.999996
Weights 	0.328936	0	0.999996
Weights 	0.327214	0	0.999996
Weights 	0.325574	0	0.999996
Weights 	0.322082	0	0.999996
Weights 	0.320088	0	0.999996
Weights 	0.317778	0	0.999996
Weights 	0.315949	0	0.999996
Weights 	0.314407	0	0.999996
Weights 	0.312341	0	0.999996
Weights 	0.310254	0	0.999996
Weights 	0.307286	0	0.999996
Weights 	0.307062	0	0.999996
Weights 	0.303982	0	0.999996
Weights 	0.300311	0	0.999996
Weights 	0.299845	0	0.999996
Weights 	0.299734	0	0.999996
Weights 	0.297199	0	0.999996
Weights 	0.292906	0	0.999996
Weights 	0.288934	0	0.999996
Weights 	0.288628	0	0.999996
Weights 	0.288161	0	0.999996
Weights 	0.287627	0	0.999996
Weights 	0.286985	0	0.999996
Weights 	0.286646	0	0.999996
Weights 	0.283548	0	0.999996
Weights 	0.282672	0	0.999996
Weights 	0.28258	0	0.999996
Weights 	0.281513	0	0.999996
Weights 	0.281392	0	0.999996
Weights 	0.281185	0	0.999996
Weights 	0.281114	0	0.999996
Weights 	0.278455	0	0.999996
Weights 	0.273697	0	0.999996
Weights 	0.273195	0	0.999996
Weights 	0.273028	0	0.999996
Weights 	0.272064	0	0.999996
Weights 	0.27145	0	0.999996
Weights 	0.271276	0	0.999996
Weights 	0.271181	0	0.999996
Weights 	0.271116	0	0.999996
Weights 	0.271058	0	0.999996
Weights 	0.270601	0	0.999996
Weights 	0.268887	0	0.999996
Weights 	0.268811	0	0.999996
Weights 	0.268677	0	0.999996
Weights 	0.268612	0	0.999996
Weights 	0.268538	0	0.999996
Weights 	0.267479	0	0.999996
Weights 	0.26736	0	0.999996
Weights 	0.266828	0	0.999996
Weights 	0.26613	0	0.999996
Weights 	0.266009	0	0.999996
Weights 	0.265928	0	0.999996
Weights 	0.265458	0	0.999996
Weights 	0.264017	0	0.999996
Weights 	0.264002	0	0.999996
Weights 	0.259961	0	0.999996
Weights 	0.259826	0	0.999996
Weights 	0.257853	0	0.999996
Weights 	0.25774	0	0.999996
Weights 	0.257495	0	0.999996
Weights 	0.254686	0	0.999996
Weights 	0.254546	0	0.999996
Weights 	0.254508	0	0.999996
Weights 	0.253956	0	0.999996
Weights 	0.253832	0	0.999996
Weights 	0.25322	0	0.999996
Weights 	0.25202	0	0.999996
Weights 	0.251979	0	0.999996
Weights 	0.25155	0	0.999996
Weights 	0.251545	0	0.999996
Weights 	0.251516	0	0.999996
Weights 	0.250839	0	0.999996
Weights 	0.250812	0	0.999996
Weights 	0.250773	0	0.999996
Weights 	0.250761	0	0.999996
Weights 	0.250592	0	0.999996
Weights 	0.25056	0	0.999996
Weights 	0.250538	0	0.999996
Weights 	0.25051	0	0.999996
Weights 	0.249359	0	0.999996
Weights 	0.249321	0	0.999996
Weights 	0.249321	0	0.999996
Weights 	0.248167	0	0.999996
Weights 	0.247764	0	0.999996
Weights 	0.246143	0	0.999996
Weights 	0.245937	0	0.999996
Weights 	0.245894	0	0.999996
Weights 	0.245869	0	0.999996
Weights 	0.245443	0	0.999996
Weights 	0.245382	0	0.999996
Weights 	0.245376	0	0.999996
Weights 	0.244932	0	0.999996
Weights 	0.244141	0	0.999996
Weights 	0.241782	0	0.999996
Weights 	0.241755	0	0.999996
Weights 	0.24032	0	0.999996
Weights 	0.239833	0	0.999996
Weights 	0.239614	0	0.999996
Weights 	0.238021	0	0.999993
Weights 	0.237962	0	0.999993
Weights 	0.235844	0	0.999993
Weights 	0.235831	0	0.999993
Weights 	0.235827	0	0.999993
Weights 	0.235673	0	0.999993
Weights 	0.235254	0	0.999993
Weights 	0.235254	0	0.999993
Weights 	0.235143	0	0.999993
Weights 	0.235121	0	0.999993
Weights 	0.235121	0	0.999993
Weights 	0.23512	0	0.999993
Weights 	0.23512	0	0.999993
Weights 	0.235119	0	0.999993
Weights 	0.234731	0	0.999993
Weights 	0.234716	0	0.999993
Weights 	0.233026	0	0.999993
Weights 	0.232875	0	0.999993
Weights 	0.232805	0	0.999993
Weights 	0.232163	0	0.999993
Weights 	0.232152	0	0.999993
Weights 	0.232146	0	0.999993
Weights 	0.231325	0	0.999993
Weights 	0.231325	0	0.999993
Weights 	0.231267	0	0.999993
Weights 	0.231187	0	0.999993
Weights 	0.231149	0	0.999993
Weights 	0.230941	0	0.999993
Weights 	0.230941	0	0.999993
Weights 	0.230909	0	0.999993
Weights 	0.230877	0	0.999993
Weights 	0.230852	0	0.999993
Weights 	0.230249	0	0.999993
Weights 	0.229825	0	0.999993
Weights 	0.228628	0	0.999993
Weights 	0.228484	0	0.999993
Weights 	0.228424	0	0.999993
Weights 	0.228401	0	0.999993
Weights 	0.228363	0	0.999993
Weights 	0.227373	0	0.999993
Weights 	0.227352	0	0.999993
Weights 	0.227338	0	0.999993
Weights 	0.22667	0	0.999993
Weights 	0.226564	0	0.999993
Weights 	0.225914	0	0.999993
Weights 	0.22584	0	0.999993
Weights 	0.225737	0	0.999993
Weights 	0.225669	0	0.999993
Weights 	0.225613	0	0.999993
Weights 	0.225196	0	0.999993
Weights 	0.225124	0	0.999993
Weights 	0.225011	0	0.999993
Weights 	0.224983	0	0.999993
Weights 	0.224858	0	0.999993
Weights 	0.223814	0	0.999993
Weights 	0.223736	0	0.999993
Weights 	0.22367	0	0.999993
Weights 	0.223651	0	0.999993
Weights 	0.223632	0	0.999993
Weights 	0.22361	0	0.999993
Weights 	0.223585	0	0.999993
Weights 	0.223521	0	0.999993
Weights 	0.22352	0	0.999993
Weights 	0.223329	0	0.999993
Weights 	0.222883	0	0.999993
Weights 	0.222817	0	0.999993
Weights 	0.222757	0	0.999993
Weights 	0.221483	0	0.999993
Weights 	0.221451	0	0.999993
Weights 	0.220668	0	0.999993
Weights 	0.220648	0	0.999993
Weights 	0.220595	0	0.999993
Weights 	0.220556	0	0.999993
Weights 	0.220526	0	0.999993
Weights 	0.220081	0	0.999993
Weights 	0.220059	0	0.999993
Weights 	0.220037	0	0.999993
Weights 	0.219558	0	0.999993
Weights 	0.21955	0	0.999993
Weights 	0.219235	0	0.999993
Weights 	0.219223	0	0.999993
Weights 	0.219193	0	0.999993
Weights 	0.219173	0	0.999993
Weights 	0.219155	0	0.999993
Weights 	0.219143	0	0.999993
Weights 	0.219109	0	0.999993
Weights 	0.218994	0	0.999993
Weights 	0.21897	0	0.999993
Weights 	0.218969	0	0.999993
Weights 	0.218964	0	0.999993
Weights 	0.218382	0	0.999993
Weights 	0.218349	0	0.999993
Weights 	0.218332	0	0.999993
Weights 	0.218262	0	0.999993
Weights 	0.218243	0	0.999993
Weights 	0.217191	0	0.999993
Weights 	0.217181	0	0.999993
Weights 	0.21716	0	0.999993
Weights 	0.217048	0	0.999993
Weights 	0.217042	0	0.999993
Weights 	0.217034	0	0.999993
Weights 	0.216557	0	0.999993
Weights 	0.216544	0	0.999993
Weights 	0.21647	0	0.999993
Weights 	0.21646	0	0.999993
Weights 	0.216378	0	0.999993
Weights 	0.216363	0	0.999993
Weights 	0.216311	0	0.999993
Weights 	0.216279	0	0.999993
Weights 	0.21627	0	0.999993
Weights 	0.216221	0	0.999993
Weights 	0.216198	0	0.999993
Weights 	0.216149	0	0.999993
Weights 	0.21614	0	0.999993
Weights 	0.215564	0	0.999993
Weights 	0.215557	0	0.999993
Weights 	0.215469	0	0.999993
Weights 	0.215415	0	0.999993
Weights 	0.215353	0	0.999993
Weights 	0.215316	0	0.999993
Weights 	0.21526	0	0.999993
Weights 	0.215214	0	0.999993
Weights 	0.215158	0	0.999993
Weights 	0.215092	0	0.999993
Weights 	0.215031	0	0.999993
Weights 	0.21498	0	0.999993
Weights 	0.214963	0	0.999993
Weights 	0.21492	0	0.999993
Weights 	0.214888	0	0.999993
Weights 	0.2148	0	0.999993
Weights 	0.214763	0	0.999993
Weights 	0.214696	0	0.999993
Weights 	0.214643	0	0.999993
Weights 	0.214636	0	0.999993
Weights 	0.21462	0	0.999993
Weights 	0.21458	0	0.999993
Weights 	0.214542	0	0.999993
Weights 	0.213907	0	0.999993
Weights 	0.213741	0	0.999993
Weights 	0.211049	0	0.999993
Weights 	0.211035	0	0.999993
Weights 	0.210976	0	0.999993
Weights 	0.210974	0	0.999993
Weights 	0.210477	0	0.999993
Weights 	0.210467	0	0.999993
Weights 	0.210447	0	0.999993
Weights 	0.210435	0	0.999993
Weights 	0.210389	0	0.999993
Weights 	0.209787	0	0.999993
Weights 	0.209754	0	0.999993
Weights 	0.209734	0	0.999993
Weights 	0.20973	0	0.999993
Weights 	0.209692	0	0.999993
Weights 	0.209653	0	0.999993
Weights 	0.209652	0	0.999993
Weights 	0.209637	0	0.999993
Weights 	0.209626	0	0.999993
Weights 	0.209611	0	0.999993
Weights 	0.209602	0	0.999993
Weights 	0.209475	0	0.999993
Weights 	0.209475	0	0.999993
Weights 	0.209474	0	0.999993
Weights 	0.20886	0	0.999993
Weights 	0.208858	0	0.999993
Weights 	0.208858	0	0.999993
Weights 	0.207558	0	0.999993
Weights 	0.207529	0	0.999993
Weights 	0.207529	0	0.999993
Weights 	0.207517	0	0.999993
Weights 	0.207112	0	0.999993
Weights 	0.207098	0	0.999993
Weights 	0.207081	0	0.999993
Weights 	0.20708	0	0.999993
Weights 	0.205912	0	0.999993
Weights 	0.205912	0	0.999993
Weights 	0.205901	0	0.999993
Weights 	0.205901	0	0.999993
Weights 	0.205897	0	0.999993
Weights 	0.205896	0	0.999993
Weights 	0.20589	0	0.999993
Weights 	0.205873	0	0.999993
Weights 	0.204909	0	0.999993
Weights 	0.204381	0	0.999993
Weights 	0.204297	0	0.999993
Weights 	0.204297	0	0.999993
Weights 	0.204297	0	0.999993
Weights 	0.204279	0	0.999993
Weights 	0.204272	0	0.999993
Weights 	0.204271	0	0.999993
Weights 	0.204269	0	0.999993
Weights 	0.204261	0	0.999993
Weights 	0.204176	0	0.999993
Weights 	0.204176	0	0.999993
Weights 	0.204175	0	0.999993
Weights 	0.204175	0	0.999993
Weights 	0.204175	0	0.999993
Weights 	0.204157	0	0.999993
Weights 	0.204139	0	0.999993
Weights 	0.204139	0	0.999993
Weights 	0.204139	0	0.999993
Weights 	0.204139	0	0.999993
Weights 	0.204138	0	0.999993
Weights 	0.204136	0	0.999993
Weights 	0.203668	0	0.999993
Weights 	0.203668	0	0.999993
Weights 	0.203668	0	0.999993
Weights 	0.203657	0	0.999993
Weights 	0.202915	0	0.999993
Weights 	0.202844	0	0.999993
Weights 	0.202113	0	0.999993
Weights 	0.201848	0	0.999993
Weights 	0.201282	0	0.999993
Weights 	0.201169	0	0.999993
Weights 	0.201169	0	0.999993
BEGIN
Weights 	0.500254	0.0010004	1
Weights 	0.500254	0.0010004	1
Weights 	0.500254	0.0010004	1
Weights 	0.500254	0.0010004	1
Weights 	0.500254	0.0010004	1
Weights 	0.500254	0.0010004	1
Weights 	0.500254	0.0010004	1
Weights 	0.500254	0.0010004	1
Weights 	0.499936	0	1
Weights 	0.499921	0	1
Weights 	0.499921	0	1
Weights 	0.499921	0	1
Weights 	0.499921	0	1
Weights 	0.499921	0	1
Weights 	0.499704	0	1
Weights 	0.499641	0	1
Weights 	0.499641	0	1
Weights 	0.499641	0	1
Weights 	0.499586	0	1
Weights 	0.499574	0	1
Weights 	0.499574	0	1
Weights 	0.499574	0	1
Weights 	0.499558	0	1
Weights 	0.499555	0	1
Weights 	0.499555	0	1
Weights 	0.499555	0	1
Weights 	0.498197	0	1
Weights 	0.498093	0	1
Weights 	0.498093	0	1
Weights 	0.498039	0	1
Weights 	0.498031	0	1
Weights 	0.498031	0	1
Weights 	0.498018	0	1
Weights 	0.497977	0	1
Weights 	0.497958	0	1
Weights 	0.497828	0	1
Weights 	0.497784	0	1
Weights 	0.497778	0	1
Weights 	0.497766	0	1
Weights 	0.497758	0	1
Weights 	0.497575	0	1
Weights 	0.497521	0	1
Weights 	0.495886	0	1
Weights 	0.495346	0	1
Weights 	0.495153	0	1
Weights 	0.495077	0	1
Weights 	0.494938	0	1
Weights 	0.494901	0	1
Weights 	0.494674	0	1
Weights 	0.494572	0	1
Weights 	0.494382	0	1
Weights 	0.494342	0	1
Weights 	0.494307	0	1
Weights 	0.493706	0	1
Weights 	0.493561	0	1
Weights 	0.493492	0	1
Weights 	0.493482	0	1
Weights 	0.493279	0	1
Weights 	0.493193	0	1
Weights 	0.493063	0	1
Weights 	0.493034	0	1
Weights 	0.492706	0	1
Weights 	0.492465	0	1
Weights 	0.492402	0	1
Weights 	0.492325	0	1
Weights 	0.491875	0	1
Weights 	0.491774	0	1
Weights 	0.491511	0	1
Weights 	0.491438	0	1
Weights 	0.491379	0	1
Weights 	0.491285	0	1
Weights 	0.490992	0	1
Weights 	0.486148	0	1
Weights 	0.485718	0	1
Weights 	0.485683	0	1
Weights 	0.485633	0	1
Weights 	0.485465	0	1
Weights 	0.485255	0	1
Weights 	0.484923	0	1
Weights 	0.484683	0	1
Weights 	0.484634	0	1
Weights 	0.484616	0	1
Weights 	0.484532	0	1
Weights 	0.48442	0	1
Weights 	0.483934	0	1
Weights 	0.483716	0	1
Weights 	0.483456	0	1
Weights 	0.483284	0	1
Weights 	0.483147	0	1
Weights 	0.482796	0	1
Weights 	0.482643	0	1
Weights 	0.482332	0	1
Weights 	0.481804	0	1
Weights 	0.481604	0	1
Weights 	0.481507	0	1
Weights 	0.481426	0	1
Weights 	0.480507	0	1
Weights 	0.48022	0	1
Weights 	0.48008	0	1
Weights 	0.479004	0	1
Weights 	0.478538	0	1
Weights 	0.47838	0	1
Weights 	0.474867	0	1
Weights 	0.474326	0	1
Weights 	0.471455	0	1
Weights 	0.470702	0	1
Weights 	0.470327	0	1
Weights 	0.470035	0	1
Weights 	0.469972	0	1
Weights 	0.469509	0	1
Weights 	0.469098	0	1
Weights 	0.468834	0	1
Weights 	0.466352	0	1
Weights 	0.464974	0	1
Weights 	0.464745	0	1
Weights 	0.464547	0	1
Weights 	0.464354	0	1
Weights 	0.464173	0	1
Weights 	0.463922	0	1
Weights 	0.463693	0	1
Weights 	0.463489	0	1
Weights 	0.463405	0	1
Weights 	0.462633	0	1
Weights 	0.462206	0	1
Weights 	0.461082	0	1
Weights 	0.459978	0	1
Weights 	0.459808	0	1
Weights 	0.459544	0	1
Weights 	0.457462	0	1
Weights 	0.456036	0	1
Weights 	0.45555	0	1
Weights 	0.455327	0	1
Weights 	0.453313	0	1
Weights 	0.451992	0	1
Weights 	0.449547	0	1
Weights 	0.448997	0	1
Weights 	0.446033	0	1
Weights 	0.44475	0	1
Weights 	0.444081	0	1
Weights 	0.443125	0	1
Weights 	0.4418	0	1
Weights 	0.440665	0	1
Weights 	0.438398	0	1
Weights 	0.437408	0	1
Weights 	0.434858	0	1
Weights 	0.43302	0	1
Weights 	0.432118	0	1
Weights 	0.429808	0	1
Weights 	0.428432	0	1
Weights 	0.427371	0	1
Weights 	0.424646	0	1
Weights 	0.422908	0	1
Weights 	0.422033	0	1
Weights 	0.421916	0	1
Weights 	0.42045	0	1
Weights 	0.419278	0	1
Weights 	0.41897	0	1
Weights 	0.417641	0	1
Weights 	0.415707	0	1
Weights 	0.41383	0	1
Weights 	0.413186	0	1
Weights 	0.411348	0	1
Weights 	0.410916	0	1
Weights 	0.410071	0	1
Weights 	0.408529	0	1
Weights 	0.407918	0	1
Weights 	0.407604	0	1
Weights 	0.406521	0	1
Weights 	0.405865	0	1
Weights 	0.405451	0	1
Weights 	0.404739	0	1
Weights 	0.403965	0	1
Weights 	0.403383	0	1
Weights 	0.403048	0	1
Weights 	0.402939	0	1
Weights 	0.402502	0	1
Weights 	0.402271	0	1
Weights 	0.402119	0	1
Weights 	0.400322	0	1
Weights 	0.398853	0	1
Weights 	0.398335	0	1
Weights 	0.397055	0	1
Weights 	0.396898	0	1
Weights 	0.396874	0	1
Weights 	0.396633	0	1
Weights 	0.395516	0	1
Weights 	0.394932	0	1
Weights 	0.394357	0	1
Weights 	0.394045	0	1
Weights 	0.393787	0	1
Weights 	0.392981	0	1
Weights 	0.39261	0	1
Weights 	0.392327	0	1
Weights 	0.392032	0	1
Weights 	0.392025	0	1
Weights 	0.391961	0	1
Weights 	0.3912	0	1
Weights 	0.391103	0	1
Weights 	0.389872	0	1
Weights 	0.389855	0	1
Weights 	0.38978	0	1
Weights 	0.389714	0	1
Weights 	0.389275	0	1
Weights 	0.389168	0	1
Weights 	0.389104	0	1
Weights 	0.389032	0	1
Weights 	0.387306	0	1
Weights 	0.386764	0	1
Weights 	0.386719	0	1
Weights 	0.385474	0	1
Weights 	0.385371	0	1
Weights 	0.385359	0	1
Weights 	0.385267	0	1
Weights 	0.384211	0	1
Weights 	0.383384	0	1
Weights 	0.383302	0	1
Weights 	0.383213	0	1
Weights 	0.383167	0	1
Weights 	0.383091	0	1
Weights 	0.382826	0	1
Weights 	0.3801	0	1
Weights 	0.379518	0	1
Weights 	0.379196	0	1
Weights 	0.379105	0	1
Weights 	0.379075	0	1
Weights 	0.37901	0	1
Weights 	0.378933	0	1
Weights 	0.378866	0	1
Weights 	0.378815	0	1
Weights 	0.378423	0	1
Weights 	0.378376	0	1
Weights 	0.378366	0	1
Weights 	0.378332	0	1
Weights 	0.378307	0	1
Weights 	0.378282	0	1
Weights 	0.378275	0	1
Weights 	0.377488	0	1
Weights 	0.377444	0	1
Weights 	0.37741	0	1
Weights 	0.377102	0	1
Weights 	0.377092	0	1
Weights 	0.376746	0	1
Weights 	0.37672	0	1
Weights 	0.37669	0	1
Weights 	0.376667	0	1
Weights 	0.376636	0	1
Weights 	0.376572	0	1
Weights 	0.376547	0	1
Weights 	0.376536	0	1
Weights 	0.37624	0	1
Weights 	0.375873	0	1
Weights 	0.37586	0	1
Weights 	0.375525	0	1
Weights 	0.374645	0	1
Weights 	0.374634	0	1
Weights 	0.374624	0	1
Weights 	0.37456	0	1
Weights 	0.374513	0	1
Weights 	0.374511	0	1
Weights 	0.374222	0	1
Weights 	0.373134	0	1
Weights 	0.372859	0	1
Weights 	0.372836	0	1
Weights 	0.372834	0	1
Weights 	0.372818	0	1
Weights 	0.372797	0	1
Weights 	0.37251	0	1
Weights 	0.372508	0	1
Weights 	0.372488	0	1
Weights 	0.372488	0	1
Weights 	0.369985	0	1
Weights 	0.369969	0	1
Weights 	0.369952	0	1
Weights 	0.369951	0	1
Weights 	0.369951	0	1
Weights 	0.369931	0	1
Weights 	0.368629	0	1
Weights 	0.367879	0	1
Weights 	0.367879	0	1
Weights 	0.367878	0	1
Weights 	0.367878	0	1
Weights 	0.367652	0	1
Weights 	0.366801	0	1
Weights 	0.366766	0	1
Weights 	0.366721	0	1
Weights 	0.366721	0	1
Weights 	0.366717	0	1
Weights 	0.366711	0	1
Weights 	0.366689	0	1
Weights 	0.366689	0	1
Weights 	0.366277	0	1
Weights 	0.362518	0	1
Weights 	0.362518	0	1
Weights 	0.362514	0	1
Weights 	0.361337	0	1
Weights 	0.361337	0	1
Weights 	0.361111	0	1
Weights 	0.361111	0	1
Weights 	0.361111	0	1
Weights 	0.361111	0	1
Weights 	0.361111	0	1
Weights 	0.361104	0	1
Weights 	0.361047	0	1
Weights 	0.361047	0	1
Weights 	0.361027	0	1
Weights 	0.361027	0	1
Weights 	0.361026	0	1
Weights 	0.361026	0	1
Weights 	0.361026	0	1
Weights 	0.360829	0	1
Weights 	0.360323	0	1
Weights 	0.360253	0	1
Weights 	0.360252	0	1
Weights 	0.360249	0	1
Weights 	0.360243	0	1
Weights 	0.359993	0	1
Weights 	0.359865	0	1
Weights 	0.359851	0	1
Weights 	0.359417	0	1
Weights 	0.359406	0	1
Weights 	0.359406	0	1
Weights 	0.359397	0	1
Weights 	0.359379	0	1
Weights 	0.359092	0	1
Weights 	0.358891	0	1
Weights 	0.35889	0	1
Weights 	0.35889	0	1
Weights 	0.358596	0	1
Weights 	0.358595	0	1
Weights 	0.358287	0	1
Weights 	0.358286	0	1
Weights 	0.358274	0	1
Weights 	0.358259	0	1
Weights 	0.358253	0	1
Weights 	0.358249	0	1
Weights 	0.358218	0	1
Weights 	0.358126	0	1
Weights 	0.358085	0	1
Weights 	0.358017	0	1
Weights 	0.357974	0	1
Weights 	0.35796	0	1
Weights 	0.357956	0	1
Weights 	0.354597	0	1
Weights 	0.349804	0	1
Weights 	0.349706	0	1
Weights 	0.349011	0	1
Weights 	0.348886	0	1
Weights 	0.348511	0	1
Weights 	0.348106	0	1
Weights 	0.346391	0	1
Weights 	0.345161	0	1
Weights 	0.344778	0	1
Weights 	0.343868	0	1
Weights 	0.343563	0	1
Weights 	0.342327	0	1
Weights 	0.340347	0	1
Weights 	0.338841	0	1
Weights 	0.338809	0	1
Weights 	0.338561	0	1
Weights 	0.336826	0	1
Weights 	0.334877	0	1
Weights 	0.334787	0	1
Weights 	0.334486	0	1
Weights 	0.334213	0	1
Weights 	0.333978	0	1
Weights 	0.333839	0	1
Weights 	0.333726	0	1
Weights 	0.333634	0	1
Weights 	0.3335	0	1
Weights 	0.33333	0	1
Weights 	0.333094	0	1
Weights 	0.332989	0	1
Weights 	0.332752	0	1
Weights 	0.332506	0	1
Weights 	0.332347	0	1
Weights 	0.332183	0	1
Weights 	0.331965	0	1
Weights 	0.331667	0	1
Weights 	0.331595	0	1
Weights 	0.331564	0	1
Weights 	0.331463	0	1
Weights 	0.331093	0	1
Weights 	0.331001	0	1
Weights 	0.330935	0	1
Weights 	0.330659	0	1
Weights 	0.329974	0	1
Weights 	0.329814	0	1
Weights 	0.329714	0	1
Weights 	0.329651	0	1
Weights 	0.329586	0	1
Weights 	0.32946	0	1
Weights 	0.329318	0	1
Weights 	0.328684	0	1
Weights 	0.328562	0	1
Weights 	0.32853	0	1
Weights 	0.328387	0	1
Weights 	0.328377	0	1
Weights 	0.328354	0	1
Weights 	0.328352	0	1
Weights 	0.328084	0	1
Weights 	0.327441	0	1
Weights 	0.32736	0	1
Weights 	0.327339	0	1
Weights 	0.327251	0	1
Weights 	0.327161	0	1
Weights 	0.327139	0	1
Weights 	0.327138	0	1
Weights 	0.327137	0	1
Weights 	0.327137	0	1
Weights 	0.327103	0	1
Weights 	0.326819	0	1
Weights 	0.326729	0	1
Weights 	0.326727	0	1
Weights 	0.326727	0	1
Weights 	0.326723	0	1
Weights 	0.326592	0	1
Weights 	0.326592	0	1
Weights 	0.326549	0	1
Weights 	0.326544	0	1
Weights 	0.326544	0	1
Weights 	0.326544	0	1
Weights 	0.326496	0	1
Weights 	0.326109	0	1
Weights 	0.326109	0	1
Weights 	0.325161	0	1
Weights 	0.325152	0	1
Weights 	0.324657	0	1
Weights 	0.324638	0	1
Weights 	0.324614	0	1
Weights 	0.324341	0	1
Weights 	0.324341	0	1
Weights 	0.324341	0	1
Weights 	0.324272	0	1
Weights 	0.324266	0	1
Weights 	0.3242	0	1
Weights 	0.324091	0	1
Weights 	0.324084	0	1
Weights 	0.324049	0	1
Weights 	0.324049	0	1
Weights 	0.324049	0	1
Weights 	0.323902	0	1
Weights 	0.323902	0	1
Weights 	0.323902	0	1
Weights 	0.323902	0	1
Weights 	0.323874	0	1
Weights 	0.323874	0	1
Weights 	0.323873	0	1
Weights 	0.323873	0	1
Weights 	0.323504	0	1
Weights 	0.323504	0	1
Weights 	0.323504	0	1
Weights 	0.32288	0	1
Weights 	0.322846	0	1
Weights 	0.322246	0	1
Weights 	0.32224	0	1
Weights 	0.322237	0	1
Weights 	0.322237	0	1
Weights 	0.322192	0	1
Weights 	0.322192	0	1
Weights 	0.322192	0	1
Weights 	0.322147	0	1
Weights 	0.322083	0	1
Weights 	0.321395	0	1
Weights 	0.321395	0	1
Weights 	0.321246	0	1
Weights 	0.321137	0	1
Weights 	0.321131	0	1
Weights 	0.320461	0	1
Weights 	0.320458	0	1
Weights 	0.319505	0	1
Weights 	0.319495	0	1
Weights 	0.319492	0	1
Weights 	0.319484	0	1
Weights 	0.31945	0	1
Weights 	0.31945	0	1
Weights 	0.319442	0	1
Weights 	0.319441	0	1
Weights 	0.319441	0	1
Weights 	0.319441	0	1
Weights 	0.319441	0	1
Weights 	0.319441	0	1
Weights 	0.319402	0	1
Weights 	0.319402	0	1
Weights 	0.318468	0	1
Weights 	0.318466	0	1
Weights 	0.318464	0	1
Weights 	0.318152	0	1
Weights 	0.318152	0	1
Weights 	0.318152	0	1
Weights 	0.318075	0	1
Weights 	0.318075	0	1
Weights 	0.318065	0	1
Weights 	0.318062	0	1
Weights 	0.318062	0	1
Weights 	0.318032	0	1
Weights 	0.318032	0	1
Weights 	0.318032	0	1
Weights 	0.318023	0	1
Weights 	0.318017	0	1
Weights 	0.317692	0	1
Weights 	0.317647	0	1
Weights 	0.317	0	1
Weights 	0.316999	0	1
Weights 	0.316997	0	1
Weights 	0.316997	0	1
Weights 	0.31699	0	1
Weights 	0.316642	0	1
Weights 	0.316642	0	1
Weights 	0.316641	0	1
Weights 	0.316305	0	1
Weights 	0.316304	0	1
Weights 	0.315992	0	1
Weights 	0.315992	0	1
Weights 	0.315988	0	1
Weights 	0.315986	0	1
Weights 	0.315985	0	1
Weights 	0.315945	0	1
Weights 	0.315941	0	1
Weights 	0.315937	0	1
Weights 	0.315937	0	1
Weights 	0.315922	0	1
Weights 	0.315503	0	1
Weights 	0.315501	0	1
Weights 	0.315499	0	1
Weights 	0.315499	0	1
Weights 	0.315492	0	1
Weights 	0.315492	0	1
Weights 	0.315492	0	1
Weights 	0.315468	0	1
Weights 	0.315461	0	1
Weights 	0.315442	0	1
Weights 	0.315403	0	1
Weights 	0.315403	0	1
Weights 	0.315403	0	1
Weights 	0.314831	0	1
Weights 	0.31483	0	1
Weights 	0.314535	0	1
Weights 	0.314535	0	1
Weights 	0.314535	0	1
Weights 	0.314535	0	1
Weights 	0.314535	0	1
Weights 	0.3145	0	1
Weights 	0.3145	0	1
Weights 	0.314499	0	1
Weights 	0.314453	0	1
Weights 	0.314453	0	1
Weights 	0.314394	0	1
Weights 	0.314394	0	1
Weights 	0.314394	0	1
Weights 	0.314394	0	1
Weights 	0.314394	0	1
Weights 	0.314394	0	1
Weights 	0.314393	0	1
Weights 	0.314393	0	1
Weights 	0.314393	0	1
Weights 	0.314393	0	1
Weights 	0.314393	0	1
Weights 	0.314109	0	1
Weights 	0.314108	0	1
Weights 	0.314107	0	1
Weights 	0.314107	0	1
Weights 	0.314107	0	1
Weights 	0.313752	0	1
Weights 	0.313752	0	1
Weights 	0.313752	0	1
Weights 	0.313741	0	1
Weights 	0.313741	0	1
Weights 	0.313741	0	1
Weights 	0.313663	0	1
Weights 	0.313663	0	1
Weights 	0.313663	0	1
Weights 	0.313663	0	1
Weights 	0.313663	0	1
Weights 	0.313663	0	1
Weights 	0.313663	0	1
Weights 	0.313663	0	1
Weights 	0.313663	0	1
Weights 	0.313662	0	1
Weights 	0.313661	0	1
Weights 	0.31366	0	1
Weights 	0.31366	0	1
Weights 	0.313337	0	1
Weights 	0.313337	0	1
Weights 	0.313337	0	1
Weights 	0.313337	0	1
Weights 	0.313336	0	1
Weights 	0.313336	0	1
Weights 	0.313336	0	1
Weights 	0.313336	0	1
Weights 	0.313336	0	1
Weights 	0.313336	0	1
Weights 	0.313335	0	1
Weights 	0.313335	0	1
Weights 	0.313335	0	1
Weights 	0.313335	0	1
Weights 	0.313335	0	1
Weights 	0.313334	0	1
Weights 	0.313334	0	1
Weights 	0.313331	0	1
Weights 	0.313331	0	1
Weights 	0.313331	0	1
Weights 	0.313331	0	1
Weights 	0.313331	0	1
Weights 	0.313331	0	1
Weights 	0.313331	0	1
Weights 	0.313331	0	1
Weights 	0.31232	0	1
Weights 	0.31232	0	1
Weights 	0.31232	0	1
Weights 	0.31232	0	1
Weights 	0.312271	0	1
Weights 	0.312271	0	1
Weights 	0.312271	0	1
Weights 	0.312271	0	1
Weights 	0.312271	0	1
Weights 	0.311945	0	1
Weights 	0.311945	0	1
Weights 	0.311945	0	1
Weights 	0.311945	0	1
Weights 	0.311944	0	1
Weights 	0.311944	0	1
Weights 	0.311944	0	1
Weights 	0.311944	0	1
Weights 	0.311944	0	1
Weights 	0.311944	0	1
Weights 	0.311944	0	1
Weights 	0.311943	0	1
Weights 	0.311943	0	1
Weights 	0.311943	0	1
Weights 	0.311619	0	1
Weights 	0.311619	0	1
Weights 	0.311619	0	1
Weights 	0.310994	0	1
Weights 	0.310994	0	1
Weights 	0.310994	0	1
Weights 	0.310994	0	1
Weights 	0.31096	0	1
Weights 	0.31096	0	1
Weights 	0.31096	0	1
Weights 	0.31096	0	1
Weights 	0.310323	0	1
Weights 	0.310323	0	1
Weights 	0.310323	0	1
Weights 	0.310323	0	1
Weights 	0.310323	0	1
Weights 	0.310323	0	1
Weights 	0.310323	0	1
Weights 	0.310323	0	1
Weights 	0.310323	0	1
Weights 	0.310287	0	1
Weights 	0.310263	0	1
Weights 	0.310263	0	1
Weights 	0.310263	0	1
Weights 	0.310263	0	1
Weights 	0.310263	0	1
Weights 	0.310263	0	1
Weights 	0.310263	0	1
Weights 	0.310263	0	1
Weights 	0.310261	0	1
Weights 	0.310261	0	1
Weights 	0.310261	0	1
Weights 	0.310261	0	1
Weights 	0.310261	0	1
Weights 	0.31026	0	1
Weights 	0.31026	0	1
Weights 	0.31026	0	1
Weights 	0.31026	0	1
Weights 	0.31026	0	1
Weights 	0.31026	0	1
Weights 	0.31026	0	1
Weights 	0.310115	0	1
Weights 	0.310115	0	1
Weights 	0.310115	0	1
Weights 	0.310115	0	1
Weights 	0.310115	0	1
Weights 	0.310115	0	1
Weights 	0.310115	0	1
Weights 	0.310115	0	1
Weights 	0.310115	0	1
Weights 	0.310115	0	1
Weights 	0.310115	0	1
Weights 	0.310115	0	1
Weights 	0.310115	0	1
Weights 	0.310115	0	1
Weights 	0.310115	0	1
Weights 	0.310115	0	1
Weights 	0.310085	0	1
Weights 	0.310085	0	1
Weights 	0.310085	0	1
Weights 	0.310085	0	1
Weights 	0.310085	0	1
Weights 	0.310085	0	1
Weights 	0.310085	0	1
Weights 	0.310085	0	1
Weights 	0.310085	0	1
Weights 	0.310085	0	1
Weights 	0.310085	0	1
Weights 	0.310085	0	1
Weights 	0.310085	0	1
Weights 	0.310085	0	1
Weights 	0.310085	0	1
Weights 	0.310084	0	1
Weights 	0.310084	0	1
Weights 	0.310084	0	1
Weights 	0.309746	0	1
Weights 	0.309746	0	1
Weights 	0.309746	0	1
Weights 	0.309746	0	1
Weights 	0.309746	0	1
Weights 	0.309746	0	1
Weights 	0.309746	0	1
Weights 	0.309746	0	1
Weights 	0.309746	0	1
Weights 	0.309746	0	1
Weights 	0.309746	0	1
Weights 	0.309746	0	1
Weights 	0.309746	0	1
Weights 	0.309746	0	1
Weights 	0.309746	0	1
Weights 	0.309746	0	1
Weights 	0.309746	0	1
Weights 	0.309746	0	1
Weights 	0.309746	0	1
Weights 	0.309746	0	1
Weights 	0.309746	0	1
Weights 	0.309746	0	1
Weights 	0.309746	0	1
Weights 	0.309746	0	1
Weights 	0.309746	0	1
Weights 	0.309746	0	1
Weights 	0.309468	0	1
Weights 	0.309468	0	1
Weights 	0.309467	0	1
Weights 	0.309467	0	1
Weights 	0.309467	0	1
Weights 	0.309467	0	1
Weights 	0.309467	0	1
Weights 	0.309467	0	1
Weights 	0.309467	0	1
Weights 	0.309467	0	1
Weights 	0.309467	0	1
Weights 	0.309467	0	1
Weights 	0.309467	0	1
Weights 	0.309467	0	1
Weights 	0.309467	0	1
Weights 	0.309467	0	1
Weights 	0.309467	0	1
Weights 	0.309467	0	1
Weights 	0.309467	0	1
Weights 	0.309467	0	1
Weights 	0.309467	0	1
Weights 	0.309467	0	1
Weights 	0.309467	0	1
Weights 	0.309467	0	1
Weights 	0.309467	0	1
Weights 	0.309467	0	1
Weights 	0.309467	0	1
Weights 	0.309467	0	1
Weights 	0.309467	0	1
Weights 	0.309467	0	1
Weights 	0.309467	0	1
Weights 	0.309467	0	1
Weights 	0.309467	0	1
Weights 	0.309467	0	1
Weights 	0.309118	0	1
Weights 	0.309118	0	1
Weights 	0.309118	0	1
Weights 	0.309118	0	1
Weights 	0.309118	0	1
Weights 	0.309118	0	1
Weights 	0.309116	0	1
Weights 	0.308794	0	1
Weights 	0.308794	0	1
Weights 	0.308794	0	1
Weights 	0.308794	0	1
Weights 	0.308794	0	1
Weights 	0.308794	0	1
Weights 	0.308794	0	1
Weights 	0.308794	0	1
Weights 	0.308794	0	1
Weights 	0.308794	0	1
Weights 	0.308794	0	1
Weights 	0.308794	0	1
Weights 	0.308794	0	1
Weights 	0.308794	0	1
Weights 	0.308477	0	1
Weights 	0.308477	0	1
Weights 	0.308477	0	1
Weights 	0.308477	0	1
Weights 	0.308477	0	1
Weights 	0.308477	0	1
Weights 	0.308477	0	1
Weights 	0.308477	0	1
Weights 	0.308477	0	1
Weights 	0.308127	0	1
Weights 	0.308127	0	1
Weights 	0.308127	0	1
Weights 	0.308127	0	1
Weights 	0.308127	0	1
Weights 	0.308127	0	1
Weights 	0.308127	0	1
Weights 	0.308127	0	1
Weights 	0.308127	0	1
Weights 	0.308127	0	1
Weights 	0.308127	0	1
Weights 	0.308127	0	1
Weights 	0.308127	0	1
Weights 	0.308127	0	1
Weights 	0.308127	0	1
Weights 	0.308127	0	1
Weights 	0.308127	0	1
Weights 	0.308127	0	1
Weights 	0.308127	0	1
Weights 	0.308127	0	1
Weights 	0.307804	0	1
Weights 	0.307804	0	1
Weights 	0.307804	0	1
Weights 	0.307804	0	1
Weights 	0.307804	0	1
Weights 	0.307804	0	1
Weights 	0.307804	0	1
Weights 	0.307804	0	1
Weights 	0.307804	0	1
Weights 	0.307804	0	1
Weights 	0.307804	0	1
Weights 	0.307804	0	1
Weights 	0.306546	0	1
Weights 	0.306546	0	1
Weights 	0.306545	0	1
Weights 	0.306545	0	1
Weights 	0.306545	0	1
Weights 	0.306545	0	1
Weights 	0.306545	0	1
Weights 	0.306545	0	1
Weights 	0.306545	0	1
Weights 	0.306545	0	1
Weights 	0.306545	0	1
Weights 	0.306545	0	1
Weights 	0.306545	0	1
Weights 	0.306545	0	1
Weights 	0.306545	0	1
Weights 	0.306545	0	1
Weights 	0.306545	0	1
Weights 	0.306545	0	1
Weights 	0.306545	0	1
Weights 	0.306545	0	1
Weights 	0.306545	0	1
Weights 	0.306545	0	1
Weights 	0.306545	0	1
Weights 	0.306545	0	1
Weights 	0.306545	0	1
Weights 	0.306545	0	1
Weights 	0.306545	0	1
Weights 	0.306545	0	1
Weights 	0.306545	0	1
Weights 	0.306545	0	1
Weights 	0.306545	0	1
Weights 	0.306545	0	1
Weights 	0.306545	0	1
Weights 	0.306545	0	1
Weights 	0.306545	0	1
Weights 	0.306545	0	1
Weights 	0.306511	0	1
Weights 	0.306511	0	1
Weights 	0.306511	0	1
Weights 	0.306511	0	1
Weights 	0.306511	0	1
Weights 	0.306511	0	1
Weights 	0.306511	0	1
Weights 	0.306511	0	1
Weights 	0.306511	0	1
Weights 	0.306511	0	1
Weights 	0.306511	0	1
Weights 	0.306511	0	1
Weights 	0.306511	0	1
Weights 	0.306507	0	1
Weights 	0.306507	0	1
Weights 	0.306507	0	1
Weights 	0.306507	0	1
Weights 	0.306507	0	1
Weights 	0.306507	0	1
Weights 	0.306507	0	1
Weights 	0.306507	0	1
Weights 	0.306507	0	1
Weights 	0.306507	0	1
Weights 	0.306507	0	1
Weights 	0.306507	0	1
Weights 	0.306507	0	1
Weights 	0.306507	0	1
Weights 	0.306507	0	1
Weights 	0.306507	0	1
Weights 	0.306507	0	1
Weights 	0.306507	0	1
Weights 	0.306507	0	1
Weights 	0.306507	0	1
Weights 	0.306507	0	1
Weights 	0.306507	0	1
Weights 	0.306507	0	1
Weights 	0.306507	0	1
Weights 	0.306507	0	1
Weights 	0.306507	0	1
Weights 	0.306507	0	1
Weights 	0.306507	0	1
Weights 	0.306507	0	1
Weights 	0.306507	0	1
Weights 	0.306507	0	1
Weights 	0.306507	0	1
Weights 	0.306507	0	1
Weights 	0.306198	0	1
Weights 	0.306198	0	1
Weights 	0.306198	0	1
Weights 	0.306198	0	1
Weights 	0.306198	0	1
Weights 	0.306198	0	1
Weights 	0.306198	0	1
Weights 	0.306198	0	1
Weights 	0.306198	0	1
Weights 	0.306198	0	1
Weights 	0.306198	0	1
Weights 	0.306198	0	1
Weights 	0.306198	0	1
Weights 	0.305878	0	1
Weights 	0.305878	0	1
Weights 	0.305878	0	1
Weights 	0.305878	0	1
Weights 	0.305878	0	1
Weights 	0.305878	0	1
Weights 	0.305878	0	1
Weights 	0.305878	0	1
Weights 	0.305878	0	1
Weights 	0.305878	0	1
Weights 	0.305878	0	1
Weights 	0.305878	0	1
Weights 	0.305564	0	1
Weights 	0.305564	0	1
Weights 	0.305564	0	1
Weights 	0.305564	0	1
Weights 	0.305564	0	1
Weights 	0.305564	0	1
Weights 	0.305564	0	1
Weights 	0.305564	0	1
Weights 	0.305564	0	1
Weights 	0.304986	0	1
Weights 	0.304986	0	1
Weights 	0.304655	0	1
Weights 	0.304655	0	1
Weights 	0.304655	0	1
Weights 	0.304655	0	1
Weights 	0.304655	0	1
Weights 	0.304655	0	1
Weights 	0.304655	0	1
Weights 	0.304655	0	1
Weights 	0.304655	0	1
Weights 	0.304655	0	1
Weights 	0.304655	0	1
Weights 	0.304655	0	1
Weights 	0.304655	0	1
Weights 	0.304655	0	1
Weights 	0.304655	0	1
Weights 	0.304655	0	1
Weights 	0.304655	0	1
Weights 	0.304655	0	1
Weights 	0.304655	0	1
Weights 	0.304655	0	1
Weights 	0.304655	0	1
Weights 	0.304655	0	1
Weights 	0.304655	0	1
Weights 	0.304655	0	1
Weights 	0.304655	0	1
Weights 	0.304655	0	1
Weights 	0.304655	0	1
Weights 	0.304655	0	1
Weights 	0.304655	0	1
Weights 	0.304655	0	1
Weights 	0.304655	0	1
Weights 	0.304623	0	1
Weights 	0.304623	0	1
Weights 	0.3043	0	1
Weights 	0.3043	0	1
Weights 	0.3043	0	1
Weights 	0.3043	0	1
Weights 	0.3043	0	1
Weights 	0.3043	0	1
Weights 	0.3043	0	1
Weights 	0.3043	0	1
Weights 	0.3043	0	1
Weights 	0.3043	0	1
Weights 	0.3043	0	1
Weights 	0.3043	0	1
Weights 	0.3043	0	1
Weights 	0.3043	0	1
Weights 	0.3043	0	1
Weights 	0.3043	0	1
Weights 	0.3043	0	1
Weights 	0.303985	0	1
Weights 	0.303985	0	1
Weights 	0.303985	0	1
Weights 	0.303985	0	1
Weights 	0.303985	0	1
Weights 	0.303985	0	1
Weights 	0.303985	0	1
Weights 	0.303985	0	1
Weights 	0.303985	0	1
Weights 	0.303985	0	1
Weights 	0.303985	0	1
Weights 	0.303985	0	1
Weights 	0.303985	0	1
Weights 	0.303985	0	1
Weights 	0.303985	0	1
Weights 	0.303985	0	1
Weights 	0.303985	0	1
Weights 	0.303985	0	1
Weights 	0.303985	0	1
Weights 	0.303985	0	1
Weights 	0.303985	0	1
Weights 	0.303985	0	1
Weights 	0.303985	0	1
Weights 	0.303985	0	1
Weights 	0.303985	0	1
Weights 	0.303985	0	1
Weights 	0.303985	0	1
Weights 	0.303985	0	1
Weights 	0.303985	0	1
Weights 	0.303347	0	1
Weights 	0.303347	0	1
Weights 	0.303347	0	1
Weights 	0.303347	0	1
Weights 	0.303347	0	1
Weights 	0.303347	0	1
Weights 	0.303347	0	1
Weights 	0.303347	0	1
Weights 	0.303347	0	1
Weights 	0.303347	0	1
Weights 	0.303347	0	1
Weights 	0.303037	0	1
Weights 	0.303037	0	1
Weights 	0.303037	0	1
Weights 	0.303037	0	1
Weights 	0.303037	0	1
Weights 	0.303037	0	1
Weights 	0.303037	0	1
Weights 	0.302718	0	1
Weights 	0.302718	0	1
Weights 	0.302718	0	1
Weights 	0.302718	0	1
Weights 	0.302718	0	1
Weights 	0.302718	0	1
Weights 	0.302718	0	1
Weights 	0.30267	0	1
Weights 	0.30267	0	1
BEGIN
Weights 	0.500667	0.0010003	1
Weights 	0.500667	0.0010003	1
Weights 	0.500667	0.0010003	1
Weights 	0.500667	0.0010003	1
Weights 	0.500667	0.0010003	1
Weights 	0.500667	0.0010003	1
Weights 	0.500667	0.0010003	1
Weights 	0.500667	0.0010003	1
Weights 	0.500268	0	1
Weights 	0.500254	0	1
Weights 	0.500254	0	1
Weights 	0.500254	0	1
Weights 	0.500254	0	1
Weights 	0.500254	0	1
Weights 	0.499963	0	1
Weights 	0.499891	0	1
Weights 	0.499891	0	1
Weights 	0.499891	0	1
Weights 	0.49972	0	1
Weights 	0.499684	0	1
Weights 	0.499684	0	1
Weights 	0.499684	0	1
Weights 	0.499629	0	1
Weights 	0.499615	0	1
Weights 	0.499607	0	1
Weights 	0.499607	0	1
Weights 	0.49821	0	1
Weights 	0.498059	0	1
Weights 	0.498059	0	1
Weights 	0.497991	0	1
Weights 	0.497939	0	1
Weights 	0.497939	0	1
Weights 	0.497878	0	1
Weights 	0.497812	0	1
Weights 	0.497781	0	1
Weights 	0.497605	0	1
Weights 	0.497556	0	1
Weights 	0.497552	0	1
Weights 	0.497513	0	1
Weights 	0.49747	0	1
Weights 	0.497254	0	1
Weights 	0.497139	0	1
Weights 	0.495476	0	1
Weights 	0.494841	0	1
Weights 	0.494657	0	1
Weights 	0.494571	0	1
Weights 	0.494405	0	1
Weights 	0.494331	0	1
Weights 	0.494037	0	1
Weights 	0.493891	0	1
Weights 	0.493665	0	1
Weights 	0.493595	0	1
Weights 	0.493544	0	1
Weights 	0.492886	0	1
Weights 	0.492728	0	1
Weights 	0.492657	0	1
Weights 	0.492635	0	1
Weights 	0.492358	0	1
Weights 	0.492233	0	1
Weights 	0.492027	0	1
Weights 	0.491993	0	1
Weights 	0.491594	0	1
Weights 	0.491306	0	1
Weights 	0.491206	0	1
Weights 	0.491049	0	1
Weights 	0.490462	0	1
Weights 	0.490324	0	1
Weights 	0.490033	0	1
Weights 	0.489957	0	1
Weights 	0.489883	0	1
Weights 	0.489735	0	1
Weights 	0.489366	0	1
Weights 	0.484609	0	1
Weights 	0.484182	0	1
Weights 	0.484116	0	1
Weights 	0.484065	0	1
Weights 	0.483865	0	1
Weights 	0.483598	0	1
Weights 	0.483321	0	1
Weights 	0.483028	0	1
Weights 	0.482967	0	1
Weights 	0.482946	0	1
Weights 	0.48281	0	1
Weights 	0.482698	0	1
Weights 	0.482201	0	1
Weights 	0.481891	0	1
Weights 	0.481576	0	1
Weights 	0.481331	0	1
Weights 	0.481113	0	1
Weights 	0.48072	0	1
Weights 	0.480523	0	1
Weights 	0.480131	0	1
Weights 	0.479728	0	1
Weights 	0.479518	0	1
Weights 	0.479435	0	1
Weights 	0.479364	0	1
Weights 	0.478571	0	1
Weights 	0.478254	0	1
Weights 	0.478098	0	1
Weights 	0.477083	0	1
Weights 	0.47664	0	1
Weights 	0.476533	0	1
Weights 	0.473058	0	1
Weights 	0.472517	0	1
BEGIN
Weights 	0.500278	0.00100141	1
Weights 	0.499504	0	1
Weights 	0.499504	0	1
Weights 	0.4993	0	1
Weights 	0.4993	0	1
Weights 	0.498051	0	1
Weights 	0.498051	0	1
Weights 	0.498051	0	1
Weights 	0.496815	0	1
Weights 	0.495794	0	1
Weights 	0.494162	0	1
Weights 	0.492203	0	1
Weights 	0.492112	0	1
Weights 	0.492112	0	1
Weights 	0.49102	0	1
Weights 	0.490849	0	1
Weights 	0.490688	0	1
Weights 	0.490579	0	1
Weights 	0.489203	0	1
Weights 	0.488765	0	1
Weights 	0.488267	0	1
Weights 	0.488267	0	1
Weights 	0.487545	0	1
Weights 	0.48653	0	1
Weights 	0.486055	0	1
Weights 	0.485432	0	1
Weights 	0.484695	0	1
Weights 	0.484412	0	1
Weights 	0.4844	0	1
Weights 	0.484098	0	1
Weights 	0.483078	0	1
Weights 	0.482816	0	1
Weights 	0.481884	0	1
Weights 	0.481214	0	1
Weights 	0.480256	0	1
Weights 	0.479557	0	1
Weights 	0.479158	0	1
Weights 	0.47831	0	1
Weights 	0.477597	0	1
Weights 	0.477453	0	1
Weights 	0.477207	0	1
Weights 	0.476908	0	1
Weights 	0.476143	0	1
Weights 	0.475793	0	1
Weights 	0.475224	0	1
Weights 	0.474732	0	1
Weights 	0.474501	0	1
Weights 	0.473808	0	1
Weights 	0.473329	0	1
Weights 	0.473266	0	1
Weights 	0.473021	0	1
Weights 	0.472304	0	1
Weights 	0.471295	0	1
Weights 	0.471075	0	1
Weights 	0.470955	0	1
Weights 	0.470928	0	1
Weights 	0.470484	0	1
Weights 	0.470219	0	1
Weights 	0.469972	0	1
Weights 	0.469708	0	1
Weights 	0.469199	0	1
Weights 	0.468973	0	1
Weights 	0.468764	0	1
Weights 	0.468406	0	1
Weights 	0.468307	0	1
Weights 	0.467765	0	1
Weights 	0.467604	0	1
Weights 	0.467579	0	1
Weights 	0.467012	0	1
Weights 	0.46688	0	1
Weights 	0.466783	0	1
Weights 	0.466613	0	1
Weights 	0.45723	0	1
Weights 	0.456659	0	1
Weights 	0.456605	0	1
Weights 	0.456597	0	1
Weights 	0.456223	0	1
Weights 	0.456166	0	1
Weights 	0.456134	0	1
Weights 	0.455979	0	1
Weights 	0.455946	0	1
Weights 	0.455942	0	1
Weights 	0.455657	0	1
Weights 	0.455622	0	1
Weights 	0.455283	0	1
Weights 	0.455234	0	1
Weights 	0.454328	0	1
Weights 	0.454135	0	1
Weights 	0.454031	0	1
Weights 	0.453928	0	1
Weights 	0.453647	0	1
Weights 	0.453449	0	1
Weights 	0.453405	0	1
Weights 	0.453388	0	1
Weights 	0.453373	0	1
Weights 	0.453363	0	1
Weights 	0.452953	0	1
Weights 	0.45279	0	1
Weights 	0.452768	0	1
Weights 	0.451962	0	1
Weights 	0.451707	0	1
Weights 	0.451591	0	1
Weights 	0.445441	0	1
Weights 	0.441571	0	1
Weights 	0.438119	0	1
Weights 	0.437871	0	1
Weights 	0.437665	0	1
Weights 	0.437437	0	1
Weights 	0.436935	0	1
Weights 	0.43648	0	1
Weights 	0.436329	0	1
Weights 	0.436016	0	1
Weights 	0.433481	0	1
Weights 	0.431204	0	1
Weights 	0.43062	0	1
Weights 	0.430532	0	1
Weights 	0.430519	0	1
Weights 	0.43043	0	1
Weights 	0.430393	0	1
Weights 	0.430361	0	1
Weights 	0.430112	0	1
Weights 	0.429841	0	1
Weights 	0.429109	0	1
Weights 	0.428976	0	1
Weights 	0.428093	0	1
Weights 	0.427178	0	1
Weights 	0.42714	0	1
Weights 	0.427014	0	1
Weights 	0.424956	0	1
Weights 	0.422556	0	1
Weights 	0.42237	0	1
Weights 	0.422249	0	1
Weights 	0.4203	0	1
Weights 	0.41459	0	1
Weights 	0.411782	0	1
Weights 	0.411443	0	1
Weights 	0.408542	0	1
Weights 	0.406145	0	1
Weights 	0.405313	0	1
Weights 	0.404739	0	1
Weights 	0.403605	0	1
Weights 	0.401253	0	1
Weights 	0.399419	0	1
Weights 	0.397533	0	1
Weights 	0.395177	0	1
Weights 	0.388332	0	1
Weights 	0.386989	0	1
Weights 	0.384122	0	1
Weights 	0.380222	0	1
Weights 	0.376188	0	1
Weights 	0.373694	0	1
Weights 	0.367682	0	1
Weights 	0.365982	0	1
Weights 	0.365942	0	1
Weights 	0.363465	0	1
Weights 	0.362289	0	1
Weights 	0.359576	0	1
Weights 	0.356625	0	1
Weights 	0.352371	0	1
Weights 	0.350327	0	1
Weights 	0.349879	0	1
Weights 	0.346501	0	1
Weights 	0.345007	0	1
Weights 	0.344492	0	1
Weights 	0.342861	0	1
Weights 	0.342762	0	1
Weights 	0.342701	0	1
Weights 	0.341721	0	1
Weights 	0.341229	0	1
Weights 	0.34114	0	1
Weights 	0.340493	0	1
Weights 	0.340157	0	1
Weights 	0.339897	0	1
Weights 	0.339803	0	1
Weights 	0.339759	0	1
Weights 	0.339633	0	1
Weights 	0.33941	0	1
Weights 	0.339381	0	1
Weights 	0.337728	0	1
Weights 	0.336811	0	1
Weights 	0.336554	0	1
Weights 	0.335846	0	1
Weights 	0.335561	0	1
Weights 	0.335557	0	1
Weights 	0.335488	0	1
Weights 	0.335467	0	1
Weights 	0.333898	0	1
Weights 	0.333505	0	1
Weights 	0.333223	0	1
Weights 	0.333152	0	1
Weights 	0.332456	0	1
Weights 	0.332225	0	1
Weights 	0.332196	0	1
Weights 	0.331756	0	1
Weights 	0.331746	0	1
Weights 	0.331734	0	1
Weights 	0.330988	0	1
Weights 	0.330971	0	1
Weights 	0.329995	0	1
Weights 	0.329977	0	1
Weights 	0.329956	0	1
Weights 	0.32994	0	1
Weights 	0.329931	0	1
Weights 	0.329913	0	1
Weights 	0.329894	0	1
Weights 	0.329867	0	1
Weights 	0.328295	0	1
Weights 	0.327959	0	1
Weights 	0.327729	0	1
Weights 	0.326598	0	1
Weights 	0.326583	0	1
Weights 	0.326578	0	1
Weights 	0.326555	0	1
Weights 	0.325807	0	1
Weights 	0.325078	0	1
Weights 	0.325064	0	1
Weights 	0.325045	0	1
Weights 	0.325035	0	1
Weights 	0.325026	0	1
Weights 	0.3245	0	1
Weights 	0.321297	0	1
Weights 	0.320969	0	1
Weights 	0.320731	0	1
Weights 	0.320709	0	1
Weights 	0.320697	0	1
Weights 	0.320688	0	1
Weights 	0.320673	0	1
Weights 	0.320663	0	1
Weights 	0.320651	0	1
Weights 	0.320385	0	1
Weights 	0.320372	0	1
Weights 	0.320363	0	1
Weights 	0.320352	0	1
Weights 	0.320341	0	1
Weights 	0.320336	0	1
Weights 	0.320331	0	1
Weights 	0.319579	0	1
Weights 	0.31957	0	1
Weights 	0.319557	0	1
Weights 	0.319241	0	1
Weights 	0.319234	0	1
Weights 	0.318916	0	1
Weights 	0.318913	0	1
Weights 	0.318905	0	1
Weights 	0.318899	0	1
Weights 	0.318889	0	1
Weights 	0.318863	0	1
Weights 	0.318859	0	1
Weights 	0.318853	0	1
Weights 	0.318623	0	1
Weights 	0.318337	0	1
Weights 	0.318328	0	1
Weights 	0.317702	0	1
Weights 	0.317374	0	1
Weights 	0.316732	0	1
Weights 	0.316719	0	1
Weights 	0.316669	0	1
Weights 	0.316659	0	1
Weights 	0.316659	0	1
Weights 	0.316337	0	1
Weights 	0.31608	0	1
Weights 	0.315862	0	1
Weights 	0.315635	0	1
Weights 	0.315635	0	1
Weights 	0.315631	0	1
Weights 	0.315627	0	1
Weights 	0.315311	0	1
Weights 	0.31531	0	1
Weights 	0.315305	0	1
Weights 	0.315305	0	1
Weights 	0.315305	0	1
Weights 	0.315305	0	1
Weights 	0.315299	0	1
Weights 	0.315299	0	1
Weights 	0.315292	0	1
Weights 	0.315288	0	1
Weights 	0.315288	0	1
Weights 	0.315278	0	1
Weights 	0.315278	0	1
Weights 	0.315277	0	1
Weights 	0.315277	0	1
Weights 	0.315071	0	1
Weights 	0.314143	0	1
Weights 	0.314134	0	1
Weights 	0.31412	0	1
Weights 	0.314112	0	1
Weights 	0.314109	0	1
Weights 	0.314107	0	1
Weights 	0.314095	0	1
Weights 	0.314089	0	1
Weights 	0.314086	0	1
Weights 	0.314085	0	1
Weights 	0.314085	0	1
Weights 	0.314085	0	1
Weights 	0.31353	0	1
Weights 	0.31308	0	1
Weights 	0.312865	0	1
Weights 	0.312859	0	1
Weights 	0.312855	0	1
Weights 	0.312838	0	1
Weights 	0.312838	0	1
Weights 	0.312831	0	1
Weights 	0.31283	0	1
Weights 	0.31283	0	1
Weights 	0.31283	0	1
Weights 	0.312818	0	1
Weights 	0.312816	0	1
Weights 	0.312816	0	1
Weights 	0.312814	0	1
Weights 	0.312811	0	1
Weights 	0.312804	0	1
Weights 	0.312775	0	1
Weights 	0.312542	0	1
Weights 	0.312539	0	1
Weights 	0.312535	0	1
Weights 	0.312534	0	1
Weights 	0.312534	0	1
Weights 	0.312525	0	1
Weights 	0.312246	0	1
Weights 	0.312244	0	1
Weights 	0.31224	0	1
BEGIN
BEGIN
